#   28.223  -0.332   1.216 ;Mean Elev.(m), Avg Gradient(m/km), RMS Gradient(m/km) - SRTM1     
#   26.006  -0.389   1.964 ;Mean Elev.(m), Avg Gradient(m/km), RMS Gradient(m/km) - ASTER GDEM
#   29.348  -0.370   1.269 ;Mean Elev.(m), Avg Gradient(m/km), RMS Gradient(m/km) - GMTED2010 
   1  87.124697  25.289480    33.603    33.609  6 54665.09299913 47.212
   2  87.122421  25.289205    34.063    34.077  6 54675.00864346 43.971
   3  87.121350  25.289980    33.741    33.735  6 54684.92428653 38.452
   4  87.121894  25.288304    34.387    34.384  6 54694.83992770 40.755
   5  87.126630  25.290144    34.456    34.456  5 54704.75556743 46.591
   6  87.126903  25.290589    33.990    33.969  6 54714.67121866 43.236
   7  87.125578  25.290295    31.988    31.989  6 54724.58686873 45.014
   8  87.121495  25.289646    32.346    32.349  6 54734.50251661 45.926
   9  87.116211  25.287713    32.653    32.676  6 54744.41816317 50.403
  10  87.114205  25.288010    31.246    31.267  7 54754.33381017 39.811
  11  87.115265  25.288091    29.871    29.913  6 54764.24945655 32.343
  12  87.117353  25.286653    29.343    29.342  4 54774.16509996 57.037
  13  87.120875  25.289908    28.825    28.820  6 54784.08074168 49.293
  14  87.120883  25.288099    28.725    28.716  6 54793.99637989 53.590
  15  87.122103  25.288693    28.338    28.234  6 54803.91201752 52.426
  16  87.124117  25.288921    27.975    27.944  6 54813.82765468 47.115
  17  87.124459  25.289278    27.358    27.370  6 54823.74329884 34.549
  18  87.122610  25.290074    27.294    27.231  6 54833.65893873 52.935
  19  87.118486  25.288363    26.845    26.882  6 54843.57458799 55.694
  20  87.114776  25.287661    26.608    26.573  7 54853.49023667 52.618
  21  87.111521  25.286357    27.483    27.501  8 54863.40588518 27.695
  22  87.110240  25.285907    26.666    26.527  8 54873.32153393 48.190
  23  87.111661  25.286585    27.315    27.317  7 54883.23718084 26.302
  24  87.113830  25.286981    26.113    26.126  6 54893.15282427 50.524
  25  87.115431  25.288544    25.799    25.771  6 54903.06846498 40.508
  26  87.114907  25.287790    25.839    25.918  7 54912.98410342 43.768
  27  87.114722  25.287846    26.612    26.821  7 54922.89974102 25.715
  28  87.117070  25.288689    25.995    26.016  6 54932.81537817 54.816
  29  87.122437  25.289948    25.735    25.723  6 54942.73101388 26.661
  30  87.128472  25.290709    25.940    25.911  6 54952.64664775 28.616
  31  87.129189  25.290899    26.001    25.931  6 54962.56229079 24.399
  32  87.125902  25.290088    25.817    25.826  6 54972.47793889 27.533
  33  87.122948  25.289282    32.601    32.767  6 54982.39358626 25.355
  34  87.121343  25.288961    26.616    26.284  6 54992.30923357 28.115
  35  87.120420  25.289362    27.073    26.657  6 55002.22488038 23.099
  36  87.118937  25.288466    32.708    32.764  6 55012.14052489 25.404
  37  87.118566  25.288846    29.298    29.147  6 55022.05616821 24.205
  38  87.117794  25.288486    28.353    28.239  6 55031.97181024 33.981
  39  87.118179  25.288774    29.807    29.806  6 55041.88745170 32.447
  40  87.120907  25.288758    32.011    31.932  6 55051.80309173 53.378
  41  87.124967  25.289657    32.415    32.459  6 55061.71872994 46.419
  42  87.126074  25.289989    33.501    33.608  5 55071.63437276 37.281
  43  87.123705  25.289757    32.495    32.644  6 55081.55002117 28.984
  44  87.120046  25.288806    32.965    32.969  6 55091.46566794 28.370
  45  87.117039  25.288403    31.515    31.519  7 55101.38131450 31.859
  46  87.115953  25.288748    30.253    30.255  6 55111.29696102 29.682
  47  87.116891  25.288050    33.101    33.117  6 55121.21260548 46.648
  48  87.119922  25.289854    30.671    30.717  6 55131.12824775 54.275
  49  87.120656  25.288864    29.101    29.066  6 55141.04388709 35.255
  50  87.120828  25.289161    28.384    28.404  6 55150.95952563 28.966
  51  87.121700  25.289357    28.115    28.129  6 55160.87516405 46.679
  52  87.123504  25.288999    27.884    27.841  6 55170.79080203 45.289
  53  87.126977  25.290703    27.370    27.451  6 55180.70643912 46.366
  54  87.124050  25.289310    26.856    26.748  6 55190.62208685 51.799
  55  87.119105  25.287933    26.286    26.315  6 55200.53773649 34.968
  56  87.115528  25.287343    26.453    26.440  6 55210.45338595 31.811
  57  87.114116  25.286934    26.306    26.377  7 55220.36903528 48.195
  58  87.114603  25.288007    26.503    26.546  7 55230.28468410 29.938
  59  87.116088  25.289005    26.210    26.216  6 55240.20032971 31.748
  60  87.116515  25.289189    25.946    25.968  6 55250.11597134 55.972
  61  87.115159  25.287373    25.924    25.918  6 55260.03160985 36.916
  62  87.115877  25.288346    25.552    25.590  6 55269.94724803 55.151
  63  87.117493  25.288522    25.487    25.488  7 55279.86288590 52.790
  64  87.120644  25.288315    25.352    25.319  6 55289.77852256 55.042
  65  87.125572  25.289160    25.251    25.269  6 55299.69415723 25.869
  66  87.125838  25.289158    25.613    25.625  6 55309.60980171 44.862
  67  87.123947  25.289040    25.355    25.335  6 55319.52544716 27.537
  68  87.121581  25.289034    25.483    25.490  6 55329.44109181 28.956
  69  87.120278  25.289375    25.647    25.650  6 55339.35673642 30.280
  70  87.120269  25.288863    25.585    25.566  6 55349.27238067 28.850
  71  87.121161  25.289015    26.715    25.840  6 55359.18802313 26.740
  72  87.120820  25.288339    25.843    25.853  6 55369.10366301 33.319
  73  87.121618  25.290125    26.349    26.362  6 55379.01930185 26.631
  74  87.121720  25.288497    28.198    28.156  6 55388.93493903 50.038
  75  87.125182  25.289835    29.964    30.063  5 55398.85057606 47.556
  76  87.127260  25.290231    31.963    31.842  5 55408.76622168 25.397
  77  87.126607  25.290612    32.374    32.333  6 55418.68187211 49.801
  78  87.123709  25.289076    32.346    32.355  6 55428.59751866 49.506
  79  87.120946  25.289654    34.175    34.233  6 55438.51316326 35.389
  80  87.118683  25.289439    34.107    34.122  6 55448.42880666 33.347
  81  87.118562  25.289251    33.629    33.590  6 55458.34445005 30.871
  82  87.120310  25.289484    33.977    33.941  6 55468.26009300 35.537
  83  87.122820  25.288847    32.546    32.534  6 55478.17573257 32.578
  84  87.125812  25.289996    30.749    30.723  5 55488.09136938 48.369
  85  87.127747  25.290965    29.833    29.809  6 55498.00700358 52.525
  86  87.126587  25.289796    29.279    29.230  6 55507.92264119 43.635
  87  87.123108  25.289196    28.939    29.006  6 55517.83829085 46.744
  88  87.121891  25.289220    28.432    28.430  5 55527.75393991 54.767
  89  87.120360  25.287487    28.161    28.082  5 55537.66958670 56.064
  90  87.119391  25.288159    27.869    27.887  6 55547.58523193 54.730
  91  87.116941  25.287838    27.520    27.511  6 55557.50087524 54.441
  92  87.116036  25.288689    27.229    27.261  6 55567.41651823 34.459
  93  87.117532  25.288698    26.853    26.860  6 55577.33216059 34.143
  94  87.121616  25.290226    26.824    26.857  6 55587.24780144 52.571
  95  87.125348  25.289507    26.645    26.592  6 55597.16343861 53.455
  96  87.127536  25.289534    26.460    26.441  6 55607.07907273 44.763
  97  87.128916  25.290169    26.317    26.267  5 55616.99470456 44.179
  98  87.126880  25.290409    26.222    26.169  6 55626.91034806 36.914
  99  87.124652  25.290159    26.195    26.200  6 55636.82599904 54.812
 100  87.123986  25.289139    26.039    25.977  6 55646.74164795 51.676
 101  87.124486  25.289743    26.164    26.155  6 55656.65729453 53.726
 102  87.124285  25.289952    25.957    25.903  6 55666.57293675 36.370
 103  87.123250  25.289848    25.961    25.953  6 55676.48857618 26.626
 104  87.122194  25.288444    25.946    25.943  6 55686.40421373 32.043
 105  87.124057  25.289557    26.335    26.331  5 55696.31985089 28.719
 106  87.128257  25.291076    28.234    28.478  6 55706.23548710 27.906
 107  87.126525  25.289530    26.963    26.952  6 55716.15113631 49.473
 108  87.123698  25.289345    29.156    29.537  6 55726.06678472 38.750
 109  87.120432  25.288639    27.817    27.811  6 55735.98243098 41.841
 110  87.118961  25.289593    32.433    32.381  6 55745.89807634 30.882
 111  87.119370  25.289571    32.229    32.222  6 55755.81371979 29.819
 112  87.122363  25.289251    33.036    33.104  5 55765.72936099 30.963
 113  87.126433  25.290552    34.433    34.428  6 55775.64499982 41.118
 114  87.128475  25.291036    34.510    34.498  6 55785.56063554 37.005
 115  87.128544  25.290091    34.804    34.767  6 55795.47626903 40.567
 116  87.128086  25.290442    34.516    34.496  6 55805.39190879 36.230
 117  87.126448  25.290433    33.325    33.380  6 55815.30755833 29.233
 118  87.127026  25.290119    33.946    33.932  5 55825.22320544 32.775
 119  87.128591  25.290748    34.516    34.534  6 55835.13884824 43.407
 120  87.128987  25.290260    31.443    31.446  5 55845.05448693 47.374
 121  87.129184  25.290269    30.228    30.150  5 55854.97012264 44.914
 122  87.127778  25.289642    29.700    29.679  6 55864.88576199 46.878
 123  87.123491  25.288897    29.475    29.473  6 55874.80141439 54.646
 124  87.123667  25.290185    29.156    29.157  6 55884.71706198 55.109
 125  87.124555  25.289698    28.780    28.780  5 55894.63270341 54.873
 126  87.126983  25.289813    28.132    28.065  5 55904.54833992 31.274
 127  87.126173  25.289155    27.782    27.811  6 55914.46398033 32.003
 128  87.121175  25.288948    27.778    27.780  6 55924.37963414 54.575
 129  87.119010  25.288869    27.626    27.607  6 55934.29528516 31.760
 130  87.120054  25.289792    27.595    27.591  6 55944.21093203 52.557
 131  87.121271  25.288716    27.545    27.539  6 55954.12657408 53.595
 132  87.122442  25.289245    27.125    27.124  5 55964.04221328 52.521
 133  87.122542  25.289810    27.098    27.099  6 55973.95785049 54.843
 134  87.123440  25.289110    27.103    27.119  6 55983.87348620 33.503
 135  87.128047  25.290027    26.817    26.851  6 55993.78912035 52.571
 136  87.127658  25.290385    26.850    26.832  5 56003.70477037 50.042
 137  87.126209  25.290084    26.773    26.753  6 56013.62041881 52.586
 138  87.123110  25.288576    26.749    26.735  6 56023.53606379 29.509
 139  87.121136  25.289790    26.848    26.876  6 56033.45170721 32.155
 140  87.119586  25.287760    27.050    27.067  6 56043.36734806 52.695
 141  87.121302  25.288627    26.905    26.952  6 56053.28298712 53.949
 142  87.124871  25.289060    26.721    26.722  6 56063.19862300 30.637
 143  87.126860  25.290519    26.594    26.585  6 56073.11426512 31.080
 144  87.123635  25.290354    26.801    26.786  6 56083.02991472 30.397
 145  87.121058  25.289566    27.117    27.141  6 56092.94556161 48.460
 146  87.120026  25.288635    27.521    27.525  6 56102.86120629 27.820
 147  87.121534  25.289520    28.536    28.514  6 56112.77683710 34.780
 148  87.124418  25.289820    31.612    31.610  6 56122.69247588 23.376
 149  87.128343  25.290208    31.527    32.019  6 56132.60811103 20.392
 150  87.129650  25.290017    31.760    31.915  6 56142.52374825 25.277
 151  87.125607  25.289844    33.457    33.509  6 56152.43939883 25.282
 152  87.122684  25.289479    32.634    32.652  6 56162.35504802 25.039
 153  87.121540  25.288224    33.294    33.265  6 56172.27069530 25.665
 154  87.123637  25.289598    32.619    32.549  5 56182.18633863 39.018
 155  87.125329  25.290399    34.590    34.554  6 56192.10197793 36.021
 156  87.125932  25.290522    32.748    32.763  6 56202.01761410 46.037
 157  87.126721  25.289553    30.848    30.868  6 56211.93324789 38.964
 158  87.129933  25.290414    29.832    29.827  5 56221.84888023 53.488
 159  87.126783  25.289959    29.191    29.192  5 56231.76453360 54.506
 160  87.124601  25.290067    28.888    28.886  6 56241.68018583 54.950
 161  87.122331  25.289367    28.686    28.625  6 56251.59583384 54.125
 162  87.121264  25.288810    28.336    28.311  6 56261.51147750 54.679
 163  87.121156  25.288699    28.089    28.093  6 56271.42711937 53.839
 164  87.122671  25.290161    27.801    27.738  6 56281.34276107 35.524
 165  87.120639  25.289858    27.431    27.454  6 56291.25841355 37.333
 166  87.119458  25.288915    27.076    27.058  6 56301.17406143 46.544
 167  87.119288  25.288902    26.972    26.963  6 56311.08970528 35.061
 168  87.118724  25.287736    26.896    26.891  6 56321.00534636 40.076
 169  87.119139  25.288276    27.045    27.026  6 56330.92098695 41.740
 170  87.121179  25.289328    26.914    26.885  6 56340.83662712 50.791
 171  87.125036  25.290373    27.695    27.700  6 56350.75226520 50.954
 172  87.128064  25.290854    27.469    27.417  6 56360.66790353 50.853
 173  87.124378  25.289706    27.125    27.245  5 56370.58355252 51.587
 175  87.116699  25.287361    26.590    26.603  6 56390.41484357 44.565
 176  87.117583  25.288225    26.576    26.626  6 56400.33048728 43.499
 177  87.120574  25.289811    26.707    26.758  6 56410.24612865 32.588
 178  87.123706  25.289131    26.822    26.809  6 56420.16176471 33.115
 179  87.125920  25.289584    26.645    26.612  6 56430.07740148 35.138
 180  87.121188  25.290001    26.593    26.544  6 56439.99305413 29.508
 181  87.117684  25.288745    27.417    27.428  6 56449.90870391 36.189
 182  87.117058  25.287538    27.641    27.625  6 56459.82435169 54.139
 183  87.118777  25.288645    31.491    31.492  6 56469.73999684 21.811
 184  87.120746  25.289456    32.912    32.909  6 56479.65563817 25.923
 185  87.122411  25.289614    32.994    33.013  6 56489.57127554 24.292
 186  87.124730  25.290662    33.529    33.573  6 56499.48691092 27.133
 187  87.127448  25.289797    34.538    34.529  6 56509.40254491 32.382
 188  87.129199  25.290107    34.147    34.110  5 56519.31818677 33.717
 189  87.127276  25.290828    34.364    34.359  6 56529.23384090 32.740
 190  87.124877  25.289046    34.605    34.575  6 56539.14949033 28.343
 191  87.122736  25.289194    32.778    32.762  6 56549.06513580 39.441
 192  87.120168  25.289592    31.212    31.233  6 56558.98077866 48.960
 193  87.118562  25.288516    30.642    30.641  6 56568.89642017 43.603
 194  87.120127  25.288932    32.453    32.332  6 56578.81206097 29.047
 195  87.125280  25.290301    31.892    31.893  6 56588.72769852 50.148
 196  87.126763  25.290031    30.398    30.435  5 56598.64334211 34.200
 197  87.123352  25.290079    29.672    29.673  6 56608.55899291 56.785
 198  87.119588  25.288326    29.214    29.217  6 56618.47463863 56.840
 199  87.118606  25.288040    28.809    28.822  6 56628.39028179 31.073
 200  87.120961  25.288435    28.652    28.638  6 56638.30592251 40.187
 201  87.124557  25.290645    28.184    28.201  6 56648.22156726 29.987
 202  87.121698  25.288146    27.706    27.685  6 56658.13721858 34.411
 203  87.119306  25.287719    27.516    27.520  6 56668.05286593 35.437
 204  87.117375  25.287681    27.741    27.717  6 56677.96851060 54.828
 205  87.117622  25.288521    27.987    27.989  6 56687.88415411 30.599
 206  87.120192  25.289224    27.955    27.926  6 56697.79979551 46.185
 207  87.124539  25.289292    27.672    27.681  6 56707.71543235 52.389
 208  87.127770  25.290478    27.390    27.388  5 56717.63106926 46.847
 209  87.122614  25.290321    27.866    27.883  6 56727.54672147 55.809
 210  87.116905  25.288408    27.607    27.631  7 56737.46236953 43.497
 211  87.113988  25.287052    27.439    27.439  7 56747.37801453 27.036
 212  87.116909  25.288431    27.156    27.153  6 56757.29365614 29.562
 213  87.122584  25.288848    27.205    27.227  6 56767.20929190 32.044
 214  87.124562  25.290652    26.942    26.923  6 56777.12493631 30.982
 215  87.118675  25.288650    26.839    26.836  6 56787.04059150 27.518
 216  87.112574  25.286330    26.950    26.951  7 56796.95624280 44.703
 217  87.109600  25.284593    29.531    29.155  8 56806.87188935 29.967
 218  87.113329  25.286937    27.631    27.582  7 56816.78753106 25.177
 219  87.118481  25.288292    27.320    27.333  6 56826.70316923 54.067
 220  87.123526  25.288901    27.856    27.843  6 56836.61880395 32.851
 221  87.127927  25.290566    29.088    29.088  6 56846.53443597 47.860
 222  87.124392  25.289982    29.749    29.663  6 56856.45008522 29.556
 223  87.120569  25.289407    31.629    31.635  6 56866.36573847 27.010
 224  87.118051  25.287738    31.972    31.980  6 56876.28139041 28.748
 225  87.117608  25.288422    33.839    33.840  6 56886.19703990 34.528
 226  87.116930  25.288230    33.145    33.154  6 56896.11268629 30.178
 227  87.115256  25.288101    32.414    32.480  6 56906.02832941 31.262
 228  87.112524  25.285919    31.815    31.810  7 56915.94396966 42.229
 229  87.113870  25.287381    32.120    32.071  6 56925.85960901 46.860
 230  87.117879  25.287708    30.494    30.493  6 56935.77524517 57.310
 231  87.125967  25.290144    29.302    29.283  6 56945.69087687 32.991
 232  87.125033  25.290003    30.041    30.007  6 56955.60652842 28.965
 233  87.121548  25.288452    29.052    29.051  6 56965.52217720 58.175
 234  87.118706  25.287828    28.831    28.818  6 56975.43782202 29.622
 235  87.118882  25.288523    28.317    28.303  6 56985.35346301 46.431
 236  87.122837  25.288376    28.012    27.925  6 56995.26909885 45.675
 237  87.126795  25.289685    27.793    27.682  6 57005.18474146 46.392
 238  87.124309  25.289625    27.472    27.484  6 57015.10039682 46.508
 239  87.121557  25.290154    27.456    27.449  6 57025.01604754 47.110
 240  87.117698  25.287789    27.515    27.443  6 57034.93169507 46.563
 241  87.117093  25.287751    27.350    27.334  6 57044.84734072 54.464
 242  87.118963  25.288269    27.065    27.069  6 57054.76298371 54.580
 243  87.123125  25.290446    27.118    27.116  6 57064.67862241 54.228
 244  87.125725  25.289991    26.983    26.993  5 57074.59425582 35.241
 245  87.128524  25.289812    26.992    26.958  6 57084.50988618 33.630
 246  87.123972  25.290316    27.098    27.102  6 57094.42553900 31.508
 247  87.118431  25.289020    27.115    27.107  6 57104.34119517 32.991
 248  87.116297  25.287603    27.497    27.512  6 57114.25684742 27.347
 249  87.117549  25.287819    27.283    27.227  6 57124.17249406 28.893
 250  87.118840  25.287628    27.175    27.196  6 57134.08813511 30.051
 251  87.121993  25.289735    27.307    27.239  6 57144.00377208 32.383
 252  87.123975  25.288862    27.302    27.289  6 57153.91940552 34.823
 253  87.127091  25.290420    27.416    27.413  6 57163.83504171 42.947
 254  87.123595  25.289822    27.346    27.300  6 57173.75069766 31.143
 255  87.121933  25.288883    27.199    27.179  6 57183.66635047 27.301
 256  87.121805  25.290031    27.463    27.474  6 57193.58200007 31.310
 257  87.120033  25.289044    28.042    28.068  6 57203.49764701 27.799
 258  87.118348  25.288174    30.154    29.979  6 57213.41328086 27.437
 259  87.119184  25.289372    31.202    31.202  6 57223.32892529 28.454
 260  87.120190  25.288324    31.537    31.506  6 57233.24456760 23.429
 261  87.122242  25.288829    32.577    32.538  6 57243.16020737 44.228
 262  87.124344  25.289634    33.207    33.206  6 57253.07584450 44.789
 263  87.125792  25.289670    33.470    33.489  6 57262.99147967 27.401
 264  87.127206  25.289935    32.176    32.160  5 57272.90711628 52.544
 265  87.123243  25.289435    30.747    30.739  5 57282.82277292 50.751
 266  87.121381  25.289725    29.982    29.963  6 57292.73842731 55.807
 267  87.120016  25.289272    28.975    28.952  6 57302.65407830 35.155
 268  87.119143  25.289440    28.438    28.463  6 57312.56972584 36.617
 269  87.116987  25.288075    27.802    27.730  6 57322.48536994 51.748
 270  87.116415  25.288198    27.724    27.754  7 57332.40101256 39.718
 271  87.117766  25.288495    27.759    27.753  7 57342.31665346 56.990
 272  87.115505  25.287205    27.501    27.491  6 57352.23230554 47.561
 273  87.117538  25.288694    27.841    27.819  6 57362.14795084 31.370
 274  87.119634  25.289538    27.100    27.105  6 57372.06359260 51.575
 275  87.120954  25.290030    26.913    26.902  6 57381.97923203 41.272
 276  87.122026  25.288747    26.628    26.633  6 57391.89487028 45.309
 277  87.125121  25.288863    26.181    26.135  6 57401.81050794 36.416
 278  87.127568  25.290303    26.153    26.081  5 57411.72615034 35.410
 279  87.124479  25.289705    26.148    26.092  5 57421.64180162 37.723
 280  87.120604  25.289597    26.207    26.247  6 57431.55745048 52.016
 281  87.116824  25.288225    26.106    26.115  7 57441.47309737 39.277
 282  87.115774  25.287835    26.024    26.026  6 57451.38874404 48.901
 283  87.117337  25.289340    27.115    27.243  6 57461.30438978 26.010
 284  87.120528  25.289725    25.849    25.818  6 57471.22003198 40.548
 285  87.123049  25.288778    27.160    27.268  6 57481.13566973 28.460
 286  87.125869  25.290570    25.830    25.844  6 57491.05130480 29.747
 287  87.128154  25.289805    28.292    29.224  6 57500.96693705 24.480
 288  87.126983  25.289819    26.430    26.928  5 57510.88258382 25.367
 289  87.124167  25.290194    26.270    25.787  6 57520.79823868 28.376
 290  87.122683  25.289926    25.705    25.808  6 57530.71389101 29.270
 291  87.121174  25.288294    26.037    25.968  6 57540.62953985 47.526
 292  87.120861  25.289523    27.481    27.654  6 57550.54518675 30.154
 293  87.119513  25.289149    27.157    27.135  6 57560.46083209 38.762
 294  87.118648  25.288764    28.516    28.460  6 57570.37647715 25.295
 295  87.118717  25.287790    30.519    30.559  6 57580.29212201 25.246
 296  87.121160  25.289989    33.768    33.772  6 57590.20776599 48.930
 297  87.121629  25.289537    33.626    33.660  6 57600.12340644 30.666
