#   42.205   0.038   1.126 ;Mean Elev.(m), Avg Gradient(m/km), RMS Gradient(m/km) - SRTM1     
#   39.029   0.133   1.647 ;Mean Elev.(m), Avg Gradient(m/km), RMS Gradient(m/km) - ASTER GDEM
#   43.290   0.012   1.206 ;Mean Elev.(m), Avg Gradient(m/km), RMS Gradient(m/km) - GMTED2010 
   1    44.961 54659.57655508 33.23  85.697143  25.518325 22.556 -100.00 -100.00 -100.00
   1    44.518 54659.57655567 33.57  85.698284  25.515885 24.561 -100.00 -100.00 -100.00
   1    44.645 54659.57655626 33.17  85.699425  25.513444 22.815 -100.00 -100.00 -100.00
   2    45.397 54669.49220108 39.63  85.695689  25.515936   -100 -100.00 -100.00 -100.00
   2    45.323 54669.49220167 41.64  85.696830  25.513495   -100 -100.00 -100.00 -100.00
   2    45.304 54669.49220226 43.78  85.697971  25.511055   -100 -100.00 -100.00 -100.00
   3    41.006 54679.40784476 19.54  85.694455  25.516792  3.772 -100.00 -100.00 -100.00
   3    42.317 54679.40784535 20.93  85.695596  25.514352  5.157 -100.00 -100.00 -100.00
   3    43.684 54679.40784594 23.40  85.696737  25.511911  5.996 -100.00 -100.00 -100.00
   4    45.807 54689.32348786 33.36  85.696276  25.517135   -100 -100.00 -100.00 -100.00
   4    45.595 54689.32348845 27.31  85.697417  25.514694 15.437 -100.00 -100.00 -100.00
   4    45.776 54689.32348904 26.44  85.698558  25.512253 11.557 -100.00 -100.00 -100.00
   5    43.706 54699.23912909 27.02  85.699672  25.517683  5.921 -100.00 -100.00 -100.00
   5    45.089 54699.23912968 30.53  85.700813  25.515243 11.282 -100.00 -100.00 -100.00
   5    45.854 54699.23913027 35.11  85.701954  25.512802 20.108 -100.00 -100.00 -100.00
   6    46.072 54709.15477331 38.03  85.700267  25.518220 22.486 -100.00 -100.00 -100.00
   6    46.080 54709.15477390 39.24  85.701408  25.515779 25.462 -100.00 -100.00 -100.00
   6    45.961 54709.15477449 45.50  85.702549  25.513339   -100 -100.00 -100.00 -100.00
   7    45.202 54719.07042486 35.19  85.696505  25.517431 26.622 -100.00 -100.00 -100.00
   7    44.989 54719.07042545 32.79  85.697646  25.514990 20.898 -100.00 -100.00 -100.00
   7    44.604 54719.07042604 33.80  85.698787  25.512550 26.637 -100.00 -100.00 -100.00
   8    42.582 54728.98607432 35.94  85.693214  25.513648   -100 -100.00 -100.00 -100.00
   8    42.632 54728.98607491 38.77  85.694355  25.511208   -100 -100.00 -100.00 -100.00
   8    42.783 54728.98607550 38.50  85.695496  25.508767   -100 -100.00 -100.00 -100.00
   9    44.997 54738.90172190 28.54  85.690870  25.510879 14.176 -100.00 -100.00 -100.00
   9    45.080 54738.90172249 30.06  85.692011  25.508438 17.463 -100.00 -100.00 -100.00
   9    44.927 54738.90172308 36.51  85.693152  25.505998   -100 -100.00 -100.00 -100.00
  10    43.332 54748.81736876 53.87  85.689766  25.510855  2.491 -100.00 -100.00 -100.00
  10    43.204 54748.81736935 54.75  85.690907  25.508414 23.368 -100.00 -100.00 -100.00
  10    43.141 54748.81736994 52.86  85.692048  25.505974 23.566 -100.00 -100.00 -100.00
  10    43.408 54748.81737053 51.13  85.693189  25.503534   -100 -100.00 -100.00 -100.00
  10    43.496 54748.81737112 54.87  85.694330  25.501093   -100 -100.00 -100.00 -100.00
  11    41.534 54758.73301558 54.18  85.690478  25.510063   -100 -100.00 -100.00 -100.00
  11    41.734 54758.73301617 50.78  85.691619  25.507622  3.809 -100.00 -100.00 -100.00
  11    41.779 54758.73301676 48.10  85.692760  25.505182   -100 -100.00 -100.00 -100.00
  11    41.711 54758.73301735 52.03  85.693901  25.502742 25.284 -100.00 -100.00 -100.00
  12    41.044 54768.64865989 51.94  85.691566  25.510555  5.011 -100.00 -100.00 -100.00
  12    41.147 54768.64866048 51.13  85.692707  25.508115  0.974 -100.00 -100.00 -100.00
  13    40.658 54778.56430037 46.85  85.691597  25.513095   -100 -100.00 -100.00 -100.00
  13    40.543 54778.56430096 51.12  85.692738  25.510655 19.934 -100.00 -100.00 -100.00
  13    40.523 54778.56430155 49.11  85.693879  25.508214  9.486 -100.00 -100.00 -100.00
  14    40.580 54788.47993892 47.02  85.691835  25.513888   -100 -100.00 -100.00 -100.00
  14    40.404 54788.47993951 49.84  85.692976  25.511448   -100 -100.00 -100.00 -100.00
  14    40.323 54788.47994010 47.91  85.694118  25.509007  7.133 -100.00 -100.00 -100.00
  15    40.090 54798.39557719 47.29  85.693011  25.512942   -100 -100.00 -100.00 -100.00
  15    39.960 54798.39557778 49.98  85.694152  25.510501  8.095 -100.00 -100.00 -100.00
  16    40.236 54808.31121469 38.52  85.693742  25.516965 25.257 -100.00 -100.00 -100.00
  16    39.470 54808.31121528 41.94  85.694883  25.514525 13.633 -100.00 -100.00 -100.00
  16    39.645 54808.31121587 42.13  85.696024  25.512085  1.941 -100.00 -100.00 -100.00
  17    39.969 54818.22685275 41.87  85.697604  25.517487 20.090 -100.00 -100.00 -100.00
  17    39.417 54818.22685334 45.67  85.698745  25.515047   -100 -100.00 -100.00 -100.00
  17    39.313 54818.22685393 43.54  85.699886  25.512606   -100 -100.00 -100.00 -100.00
  18    40.038 54828.14250423 42.73  85.696958  25.517145 16.591 -100.00 -100.00 -100.00
  18    38.925 54828.14250482 47.05  85.698099  25.514705   -100 -100.00 -100.00 -100.00
  18    38.808 54828.14250541 43.26  85.699239  25.512265   -100 -100.00 -100.00 -100.00
  19    38.413 54838.05814384 29.14  85.694623  25.514949   -100 -100.00 -100.00 -100.00
  19    38.444 54838.05814443 27.15  85.695764  25.512509   -100 -100.00 -100.00 -100.00
  19    41.607 54838.05814502 22.80  85.696904  25.510069 15.395 -100.00 -100.00 -100.00
  20    38.507 54847.97379393 51.17  85.692192  25.511298 21.563 -100.00 -100.00 -100.00
  20    38.403 54847.97379452 51.67  85.693332  25.508858   -100 -100.00 -100.00 -100.00
  21    38.442 54857.88944293 49.13  85.690627  25.509562  8.027 -100.00 -100.00 -100.00
  21    38.370 54857.88944352 49.30  85.691768  25.507122 26.260 -100.00 -100.00 -100.00
  21    38.400 54857.88944411 47.76  85.692908  25.504682 13.930 -100.00 -100.00 -100.00
  21    38.449 54857.88944470 41.41  85.694049  25.502242   -100 -100.00 -100.00 -100.00
  22    38.347 54867.80509181 49.15  85.690723  25.508769  8.572 -100.00 -100.00 -100.00
  22    38.269 54867.80509241 48.22  85.691864  25.506329 26.843 -100.00 -100.00 -100.00
  22    38.326 54867.80509300 43.27  85.693004  25.503889   -100 -100.00 -100.00 -100.00
  22    38.349 54867.80509359 39.35  85.694145  25.501448   -100 -100.00 -100.00 -100.00
  23    38.288 54877.72073936 48.75  85.690611  25.510324   -100 -100.00 -100.00 -100.00
  23    38.210 54877.72073996 49.00  85.691752  25.507884  1.382 -100.00 -100.00 -100.00
  23    38.026 54877.72074055 44.21  85.692892  25.505443 13.880 -100.00 -100.00 -100.00
  23    38.073 54877.72074114 37.95  85.694033  25.503003   -100 -100.00 -100.00 -100.00
  24    38.087 54887.63638388 48.95  85.690744  25.511840   -100 -100.00 -100.00 -100.00
  24    37.939 54887.63638447 51.10  85.691884  25.509400 12.857 -100.00 -100.00 -100.00
  24    37.857 54887.63638506 43.03  85.693025  25.506960  9.921 -100.00 -100.00 -100.00
  24    38.023 54887.63638624 36.53  85.695306  25.502080   -100 -100.00 -100.00 -100.00
  25    37.945 54897.55202590 47.88  85.690784  25.508946  1.298 -100.00 -100.00 -100.00
  25    38.050 54897.55202649 46.21  85.691925  25.506506   -100 -100.00 -100.00 -100.00
  25    37.740 54897.55202708 46.35  85.693066  25.504065 26.054 -100.00 -100.00 -100.00
  25    37.886 54897.55202767 36.62  85.694207  25.501625   -100 -100.00 -100.00 -100.00
  26    37.982 54907.46766524 44.99  85.689723  25.507025  1.242 -100.00 -100.00 -100.00
  26    38.165 54907.46766583 47.18  85.690863  25.504585   -100 -100.00 -100.00 -100.00
  26    37.792 54907.46766642 43.05  85.692004  25.502145 21.138 -100.00 -100.00 -100.00
  27    38.161 54917.38330335 45.26  85.689885  25.506763   -100 -100.00 -100.00 -100.00
  27    38.259 54917.38330394 45.23  85.691026  25.504322   -100 -100.00 -100.00 -100.00
  27    37.877 54917.38330453 42.26  85.692167  25.501882 20.497 -100.00 -100.00 -100.00
  28    37.820 54927.29894075 43.85  85.690470  25.510466  4.486 -100.00 -100.00 -100.00
  28    37.963 54927.29894134 42.70  85.691610  25.508026   -100 -100.00 -100.00 -100.00
  28    37.673 54927.29894193 38.53  85.692751  25.505586   -100 -100.00 -100.00 -100.00
  28    37.751 54927.29894252 33.54  85.693892  25.503145   -100 -100.00 -100.00 -100.00
  29    37.999 54937.21457761 34.25  85.692221  25.514535   -100 -100.00 -100.00 -100.00
  29    37.962 54937.21457820 35.01  85.693362  25.512095   -100 -100.00 -100.00 -100.00
  29    38.000 54937.21457879 31.26  85.694503  25.509655   -100 -100.00 -100.00 -100.00
  30    37.905 54947.13021310 37.94  85.694907  25.516902   -100 -100.00 -100.00 -100.00
  30    37.891 54947.13021369 44.12  85.696048  25.514462   -100 -100.00 -100.00 -100.00
  30    37.904 54947.13021428 41.53  85.697188  25.512022   -100 -100.00 -100.00 -100.00
  31    38.182 54957.04584734 32.05  85.697110  25.518638 31.778 -100.00 -100.00 -100.00
  31    37.912 54957.04584793 34.06  85.698251  25.516198   -100 -100.00 -100.00 -100.00
  31    37.757 54957.04584852 37.05  85.699392  25.513758 18.059 -100.00 -100.00 -100.00
  32    38.228 54966.96149638 26.94  85.695429  25.516165 26.320 -100.00 -100.00 -100.00
  32    38.027 54966.96149697 28.05  85.696570  25.513725   -100 -100.00 -100.00 -100.00
  32    37.816 54966.96149756 24.05  85.697710  25.511285 25.508 -100.00 -100.00 -100.00
  33    37.746 54976.87714372 31.76  85.693521  25.515712 31.360 -100.00 -100.00 -100.00
  33    37.746 54976.87714431 29.14  85.694662  25.513272 21.460 -100.00 -100.00 -100.00
  33    42.031 54976.87714490 25.36  85.695803  25.510832 11.212 -100.00 -100.00 -100.00
  34    38.985 54986.79279117 34.12  85.693227  25.514627 20.479 -100.00 -100.00 -100.00
  34    38.852 54986.79279176 36.17  85.694368  25.512187 23.378 -100.00 -100.00 -100.00
  34    37.956 54986.79279235 38.94  85.695509  25.509747 14.901 -100.00 -100.00 -100.00
  35    38.096 54996.70843825 29.30  85.693171  25.515780 31.540 -100.00 -100.00 -100.00
  35    37.844 54996.70843884 31.32  85.694312  25.513340   -100 -100.00 -100.00 -100.00
  35    38.078 54996.70843943 28.74  85.695453  25.510900   -100 -100.00 -100.00 -100.00
  36    37.848 55006.62408425 28.82  85.694152  25.514309   -100 -100.00 -100.00 -100.00
  36    37.609 55006.62408484 29.44  85.695292  25.511869   -100 -100.00 -100.00 -100.00
  36    37.852 55006.62408543 27.80  85.696433  25.509428   -100 -100.00 -100.00 -100.00
  37    39.484 55016.53972741 29.19  85.693147  25.515503 29.038 -100.00 -100.00 -100.00
  37    39.417 55016.53972800 29.01  85.694288  25.513063   -100 -100.00 -100.00 -100.00
  37    39.323 55016.53972860 31.23  85.695429  25.510622   -100 -100.00 -100.00 -100.00
  38    40.085 55026.45537015 26.73  85.693387  25.513077   -100 -100.00 -100.00 -100.00
  38    40.318 55026.45537074 27.56  85.694528  25.510637 31.226 -100.00 -100.00 -100.00
  39    41.070 55036.37101176 30.43  85.692544  25.514547   -100 -100.00 -100.00 -100.00
  39    41.034 55036.37101235 31.60  85.693685  25.512106   -100 -100.00 -100.00 -100.00
  39    40.974 55036.37101294 32.97  85.694826  25.509666   -100 -100.00 -100.00 -100.00
  40    43.824 55046.28665272 47.60  85.693509  25.516439   -100 -100.00 -100.00 -100.00
  40    43.791 55046.28665331 49.30  85.694650  25.513998   -100 -100.00 -100.00 -100.00
  40    43.637 55046.28665390 50.96  85.695791  25.511558   -100 -100.00 -100.00 -100.00
  41    43.087 55056.20229241 33.33  85.696520  25.516916   -100 -100.00 -100.00 -100.00
  41    43.185 55056.20229300 28.67  85.697661  25.514476 25.455 -100.00 -100.00 -100.00
  41    43.683 55056.20229359 32.11  85.698802  25.512035   -100 -100.00 -100.00 -100.00
  42    44.553 55066.11792949 48.23  85.697947  25.518243 11.558 -100.00 -100.00 -100.00
  42    44.540 55066.11793008 50.43  85.699088  25.515803 20.994 -100.00 -100.00 -100.00
  42    44.522 55066.11793067 48.25  85.700229  25.513363 23.035 -100.00 -100.00 -100.00
  43    43.980 55076.03357897 30.43  85.694815  25.516674 26.800 -100.00 -100.00 -100.00
  43    43.862 55076.03357956 28.70  85.695957  25.514234 20.779 -100.00 -100.00 -100.00
  43    43.954 55076.03358015 32.13  85.697098  25.511793 26.405 -100.00 -100.00 -100.00
  44    44.788 55085.94922722 51.01  85.691890  25.513187   -100 -100.00 -100.00 -100.00
  44    44.532 55085.94922781 51.44  85.693032  25.510746 18.634 -100.00 -100.00 -100.00
  44    44.571 55085.94922840 53.27  85.694173  25.508306 18.770 -100.00 -100.00 -100.00
  45    43.738 55095.86487361 36.52  85.690581  25.510508   -100 -100.00 -100.00 -100.00
  45    43.422 55095.86487420 35.61  85.691722  25.508068   -100 -100.00 -100.00 -100.00
  45    43.442 55095.86487479 35.64  85.692863  25.505627   -100 -100.00 -100.00 -100.00
  45    43.753 55095.86487538 31.85  85.694003  25.503187 26.960 -100.00 -100.00 -100.00
  46    42.515 55105.78051948 29.20  85.691110  25.509163 25.231 -100.00 -100.00 -100.00
  46    42.342 55105.78052007 31.97  85.692251  25.506722   -100 -100.00 -100.00 -100.00
  46    42.560 55105.78052125 36.14  85.694532  25.501842 30.799 -100.00 -100.00 -100.00
  47    44.203 55115.69616424 52.24  85.690991  25.511259  4.578 -100.00 -100.00 -100.00
  47    44.311 55115.69616483 54.00  85.692131  25.508819   -100 -100.00 -100.00 -100.00
  47    44.270 55115.69616542 46.10  85.693272  25.506378   -100 -100.00 -100.00 -100.00
  47    44.432 55115.69616660 53.92  85.695554  25.501497   -100 -100.00 -100.00 -100.00
  48    42.921 55125.61180697 51.13  85.691548  25.511860  6.536 -100.00 -100.00 -100.00
  48    42.981 55125.61180756 54.39  85.692689  25.509419 16.025 -100.00 -100.00 -100.00
  48    42.750 55125.61180933 55.32  85.696112  25.502098   -100 -100.00 -100.00 -100.00
  49    41.643 55135.52744698 46.20  85.691352  25.513426   -100 -100.00 -100.00 -100.00
  49    41.508 55135.52744757 48.33  85.692494  25.510986   -100 -100.00 -100.00 -100.00
  49    41.493 55135.52744816 50.73  85.693635  25.508545   -100 -100.00 -100.00 -100.00
  50    40.570 55145.44308570 49.14  85.692352  25.512549  2.694 -100.00 -100.00 -100.00
  50    40.378 55145.44308629 51.35  85.693493  25.510108 24.352 -100.00 -100.00 -100.00
  51    40.235 55155.35872376 30.26  85.693500  25.513027 31.002 -100.00 -100.00 -100.00
  51    40.018 55155.35872435 29.54  85.694641  25.510586   -100 -100.00 -100.00 -100.00
  52    40.065 55165.27436193 42.97  85.694662  25.515011   -100 -100.00 -100.00 -100.00
  52    39.746 55165.27436252 46.99  85.695803  25.512570   -100 -100.00 -100.00 -100.00
  52    39.602 55165.27436311 50.43  85.696944  25.510130 29.589 -100.00 -100.00 -100.00
  53    39.822 55175.18999995 39.12  85.696479  25.517391 26.468 -100.00 -100.00 -100.00
  53    39.683 55175.19000054 44.03  85.697620  25.514950   -100 -100.00 -100.00 -100.00
  53    39.470 55175.19000113 49.71  85.698761  25.512510  1.606 -100.00 -100.00 -100.00
  54    39.509 55185.10564123 39.78  85.698567  25.516861 25.898 -100.00 -100.00 -100.00
  54    38.812 55185.10564182 46.38  85.699708  25.514421 30.708 -100.00 -100.00 -100.00
  55    38.999 55195.02129261 40.88  85.695667  25.516267   -100 -100.00 -100.00 -100.00
  55    38.463 55195.02129320 52.55  85.696808  25.513827   -100 -100.00 -100.00 -100.00
  55    38.762 55195.02129379 51.00  85.697949  25.511387   -100 -100.00 -100.00 -100.00
  56    38.518 55204.93694272 44.21  85.692789  25.514565   -100 -100.00 -100.00 -100.00
  56    38.297 55204.93694331 45.58  85.693929  25.512124   -100 -100.00 -100.00 -100.00
  56    38.672 55204.93694390 49.44  85.695070  25.509684   -100 -100.00 -100.00 -100.00
  57    38.858 55214.85259215 37.71  85.691640  25.512824   -100 -100.00 -100.00 -100.00
  57    38.302 55214.85259274 41.78  85.692781  25.510384 28.886 -100.00 -100.00 -100.00
  57    38.424 55214.85259333 39.15  85.693921  25.507944  1.664 -100.00 -100.00 -100.00
  58    38.446 55224.76824059 40.45  85.690854  25.512770   -100 -100.00 -100.00 -100.00
  58    38.351 55224.76824118 47.27  85.691994  25.510330   -100 -100.00 -100.00 -100.00
  58    38.376 55224.76824177 47.35  85.693135  25.507890 19.480 -100.00 -100.00 -100.00
  59    38.107 55234.68388767 47.07  85.691493  25.510403 23.518 -100.00 -100.00 -100.00
  59    38.530 55234.68388826 46.10  85.692634  25.507963   -100 -100.00 -100.00 -100.00
  60    38.238 55244.59953097 38.29  85.691444  25.510185   -100 -100.00 -100.00 -100.00
  60    38.255 55244.59953156 41.29  85.692585  25.507745   -100 -100.00 -100.00 -100.00
  60    37.877 55244.59953274 37.63  85.694866  25.502864 18.635 -100.00 -100.00 -100.00
  61    37.871 55254.51517136 39.83  85.690274  25.509808  5.356 -100.00 -100.00 -100.00
  61    38.303 55254.51517195 42.88  85.691414  25.507368   -100 -100.00 -100.00 -100.00
  61    37.916 55254.51517254 43.31  85.692555  25.504928 31.375 -100.00 -100.00 -100.00
  61    38.017 55254.51517313 36.20  85.693696  25.502488   -100 -100.00 -100.00 -100.00
  62    37.952 55264.43081026 37.33  85.689350  25.509278  2.967 -100.00 -100.00 -100.00
  62    37.938 55264.43081085 39.21  85.690491  25.506838 17.754 -100.00 -100.00 -100.00
  62    37.968 55264.43081145 39.17  85.691631  25.504398 11.461 -100.00 -100.00 -100.00
  62    37.991 55264.43081204 35.48  85.692772  25.501957   -100 -100.00 -100.00 -100.00
  63    37.829 55274.34644872 42.31  85.690808  25.508555   -100 -100.00 -100.00 -100.00
  63    38.023 55274.34644931 40.96  85.691948  25.506115   -100 -100.00 -100.00 -100.00
  63    37.710 55274.34644990 36.80  85.693089  25.503675  3.312 -100.00 -100.00 -100.00
  63    37.882 55274.34645049 32.33  85.694230  25.501235   -100 -100.00 -100.00 -100.00
  64    37.727 55284.26208558 35.27  85.691760  25.513331   -100 -100.00 -100.00 -100.00
  64    37.814 55284.26208617 36.79  85.692901  25.510891   -100 -100.00 -100.00 -100.00
  64    37.745 55284.26208676 37.88  85.694041  25.508451   -100 -100.00 -100.00 -100.00
  65    38.045 55294.17772150 33.38  85.694204  25.515948 27.696 -100.00 -100.00 -100.00
  65    37.702 55294.17772209 37.01  85.695345  25.513508   -100 -100.00 -100.00 -100.00
  65    37.790 55294.17772268 40.42  85.696486  25.511068 16.081 -100.00 -100.00 -100.00
  66    37.925 55304.09335930 28.08  85.694947  25.517540 29.049 -100.00 -100.00 -100.00
  66    37.674 55304.09335989 28.99  85.696088  25.515100   -100 -100.00 -100.00 -100.00
  66    37.834 55304.09336048 31.17  85.697228  25.512660   -100 -100.00 -100.00 -100.00
  67    37.985 55314.00900742 28.18  85.693311  25.514745 29.208 -100.00 -100.00 -100.00
  67    37.733 55314.00900802 30.09  85.694452  25.512305   -100 -100.00 -100.00 -100.00
  67    37.904 55314.00900861 30.39  85.695593  25.509865   -100 -100.00 -100.00 -100.00
  68    37.602 55323.92465306 44.82  85.692425  25.513557   -100 -100.00 -100.00 -100.00
  68    37.877 55323.92465366 40.18  85.693566  25.511118 10.572 -100.00 -100.00 -100.00
  68    38.163 55323.92465425 46.34  85.694707  25.508678   -100 -100.00 -100.00 -100.00
  69    37.984 55333.84029691 29.55  85.692470  25.513955   -100 -100.00 -100.00 -100.00
  69    37.811 55333.84029750 30.30  85.693611  25.511515   -100 -100.00 -100.00 -100.00
  69    38.009 55333.84029809 31.20  85.694752  25.509075   -100 -100.00 -100.00 -100.00
  70    38.011 55343.75594024 31.23  85.692532  25.515360   -100 -100.00 -100.00 -100.00
  70    37.889 55343.75594083 32.18  85.693673  25.512920   -100 -100.00 -100.00 -100.00
  70    37.863 55343.75594142 33.26  85.694814  25.510479   -100 -100.00 -100.00 -100.00
  71    38.107 55353.67158341 42.18  85.693343  25.514953   -100 -100.00 -100.00 -100.00
  71    37.951 55353.67158400 43.90  85.694483  25.512513  4.537 -100.00 -100.00 -100.00
  71    38.045 55353.67158459 50.19  85.695624  25.510073   -100 -100.00 -100.00 -100.00
  72    37.559 55363.58722400 33.48  85.693231  25.516529   -100 -100.00 -100.00 -100.00
  72    37.553 55363.58722459 36.42  85.694372  25.514089   -100 -100.00 -100.00 -100.00
  72    37.513 55363.58722518 36.45  85.695513  25.511648   -100 -100.00 -100.00 -100.00
  73    38.336 55373.50286341 29.36  85.694215  25.516018 25.928 -100.00 -100.00 -100.00
  73    37.996 55373.50286401 31.29  85.695356  25.513578   -100 -100.00 -100.00 -100.00
  73    38.274 55373.50286460 34.41  85.696497  25.511138   -100 -100.00 -100.00 -100.00
  74    39.355 55383.41850137 23.28  85.695214  25.517382 22.457 -100.00 -100.00 -100.00
  74    39.183 55383.41850196 25.10  85.696355  25.514941 30.453 -100.00 -100.00 -100.00
  74    39.157 55383.41850255 26.17  85.697496  25.512501   -100 -100.00 -100.00 -100.00
  75    40.651 55393.33413906 23.34  85.697286  25.517428 16.147 -100.00 -100.00 -100.00
  75    40.626 55393.33413965 24.42  85.698427  25.514988 18.719 -100.00 -100.00 -100.00
  75    42.749 55393.33414024 20.10  85.699568  25.512548  7.727 -100.00 -100.00 -100.00
  76    42.707 55403.24977569 24.68  85.699818  25.518486 23.181 -100.00 -100.00 -100.00
  76    43.168 55403.24977628 22.72  85.700959  25.516045 16.067 -100.00 -100.00 -100.00
  76    43.560 55403.24977687 27.98  85.702100  25.513605 30.213 -100.00 -100.00 -100.00
  77    43.349 55413.16542791 31.24  85.697605  25.516966   -100 -100.00 -100.00 -100.00
  77    43.725 55413.16542850 27.06  85.698746  25.514526 18.323 -100.00 -100.00 -100.00
  77    44.135 55413.16542909 26.90  85.699887  25.512085 15.840 -100.00 -100.00 -100.00
  78    43.298 55423.08107676 31.87  85.693784  25.517255   -100 -100.00 -100.00 -100.00
  78    43.314 55423.08107735 28.93  85.694925  25.514815 20.132 -100.00 -100.00 -100.00
  78    43.416 55423.08107794 28.08  85.696066  25.512375 20.891 -100.00 -100.00 -100.00
  79    44.859 55432.99672411 40.20  85.692699  25.512470   -100 -100.00 -100.00 -100.00
  79    45.268 55432.99672470 41.56  85.693840  25.510030   -100 -100.00 -100.00 -100.00
  80    45.757 55442.91236870 33.05  85.691109  25.511056 22.588 -100.00 -100.00 -100.00
  80    45.852 55442.91236929 34.14  85.692251  25.508615 24.881 -100.00 -100.00 -100.00
  80    45.731 55442.91236988 36.95  85.693392  25.506175   -100 -100.00 -100.00 -100.00
  81    45.477 55452.82801174 53.45  85.691469  25.510085 13.790 -100.00 -100.00 -100.00
  81    45.528 55452.82801233 50.50  85.692610  25.507645   -100 -100.00 -100.00 -100.00
  81    45.593 55452.82801351 45.66  85.694892  25.502764   -100 -100.00 -100.00 -100.00
  82    45.705 55462.74365342 55.54  85.692714  25.511676 29.139 -100.00 -100.00 -100.00
  82    45.734 55462.74365401 54.68  85.693855  25.509236 17.442 -100.00 -100.00 -100.00
  83    45.312 55472.65929251 50.60  85.692975  25.515990   -100 -100.00 -100.00 -100.00
  83    44.947 55472.65929310 50.46  85.694116  25.513549  2.961 -100.00 -100.00 -100.00
  83    44.962 55472.65929369 50.20  85.695257  25.511109 11.083 -100.00 -100.00 -100.00
  84    43.076 55482.57492972 44.33  85.694263  25.516218   -100 -100.00 -100.00 -100.00
  84    42.788 55482.57493031 47.56  85.695404  25.513778 31.966 -100.00 -100.00 -100.00
  84    42.882 55482.57493090 44.99  85.696545  25.511337   -100 -100.00 -100.00 -100.00
  85    42.158 55492.49056448 42.93  85.694140  25.517824 26.850 -100.00 -100.00 -100.00
  85    41.431 55492.49056507 45.58  85.695281  25.515384 17.323 -100.00 -100.00 -100.00
  85    41.351 55492.49056566 44.22  85.696422  25.512944 11.180 -100.00 -100.00 -100.00
  85    41.364 55492.49056625 39.12  85.697563  25.510503   -100 -100.00 -100.00 -100.00
  86    41.508 55502.40619828 41.15  85.695976  25.518366 25.385 -100.00 -100.00 -100.00
  86    41.354 55502.40619887 44.08  85.697117  25.515926   -100 -100.00 -100.00 -100.00
  86    41.228 55502.40619946 48.49  85.698259  25.513485   -100 -100.00 -100.00 -100.00
  87    40.879 55512.32184452 41.24  85.696529  25.516862   -100 -100.00 -100.00 -100.00
  87    40.710 55512.32184511 47.33  85.697670  25.514421  4.918 -100.00 -100.00 -100.00
  87    40.850 55512.32184570 50.25  85.698811  25.511981   -100 -100.00 -100.00 -100.00
  88    40.572 55522.23749459 42.17  85.696160  25.516172   -100 -100.00 -100.00 -100.00
  88    40.197 55522.23749518 45.36  85.697301  25.513732 23.300 -100.00 -100.00 -100.00
  88    40.230 55522.23749577 52.48  85.698442  25.511292 16.222 -100.00 -100.00 -100.00
  89    39.939 55532.15314328 45.42  85.695129  25.515627  5.167 -100.00 -100.00 -100.00
  89    39.995 55532.15314387 39.83  85.696269  25.513187   -100 -100.00 -100.00 -100.00
  89    39.941 55532.15314446 44.77  85.697410  25.510746 27.201 -100.00 -100.00 -100.00
  90    39.759 55542.06879044 44.17  85.693905  25.514070   -100 -100.00 -100.00 -100.00
  90    39.614 55542.06879104 43.85  85.695046  25.511630 22.099 -100.00 -100.00 -100.00
  91    39.395 55551.98443532 36.95  85.692668  25.513163   -100 -100.00 -100.00 -100.00
  91    39.142 55551.98443591 41.05  85.693809  25.510722 22.349 -100.00 -100.00 -100.00
  92    38.878 55561.90007883 36.32  85.692634  25.511643   -100 -100.00 -100.00 -100.00
  92    39.182 55561.90007943 36.81  85.693775  25.509203   -100 -100.00 -100.00 -100.00
  93    38.500 55571.81572091 34.68  85.693314  25.513216   -100 -100.00 -100.00 -100.00
  93    38.426 55571.81572150 36.78  85.694455  25.510776   -100 -100.00 -100.00 -100.00
  94    38.395 55581.73136149 38.18  85.694092  25.515650  5.355 -100.00 -100.00 -100.00
  94    38.380 55581.73136208 40.21  85.695233  25.513209  4.748 -100.00 -100.00 -100.00
  94    38.285 55581.73136267 43.44  85.696373  25.510769 20.163 -100.00 -100.00 -100.00
  95    38.061 55591.64699885 33.58  85.694292  25.517979 24.187 -100.00 -100.00 -100.00
  95    38.424 55591.64699944 38.11  85.695433  25.515538   -100 -100.00 -100.00 -100.00
  95    38.149 55591.64700003 41.97  85.696573  25.513098   -100 -100.00 -100.00 -100.00
  95    38.871 55591.64700062 44.13  85.697714  25.510658 32.547 -100.00 -100.00 -100.00
  96    39.044 55601.56263361 29.31  85.695495  25.517529 18.014 -100.00 -100.00 -100.00
  96    38.717 55601.56263420 32.13  85.696637  25.515088 24.984 -100.00 -100.00 -100.00
  96    38.040 55601.56263479 38.36  85.697778  25.512648 16.180 -100.00 -100.00 -100.00
  97    37.811 55611.47826612 32.38  85.696189  25.518277 24.837 -100.00 -100.00 -100.00
  97    38.491 55611.47826671 37.15  85.697330  25.515837 32.376 -100.00 -100.00 -100.00
  97    37.882 55611.47826731 47.40  85.698471  25.513397   -100 -100.00 -100.00 -100.00
  98    38.493 55621.39389932 31.29  85.698406  25.518215 26.689 -100.00 -100.00 -100.00
  98    38.491 55621.39389991 34.40  85.699547  25.515775 30.746 -100.00 -100.00 -100.00
  98    37.924 55621.39390050 38.35  85.700688  25.513335 12.247 -100.00 -100.00 -100.00
  99    38.009 55631.30955272 30.57  85.696488  25.516743 29.043 -100.00 -100.00 -100.00
  99    38.095 55631.30955331 32.15  85.697629  25.514303   -100 -100.00 -100.00 -100.00
  99    38.428 55631.30955390 35.45  85.698770  25.511863 29.762 -100.00 -100.00 -100.00
 100    37.824 55641.22520402 27.29  85.695801  25.516273 27.826 -100.00 -100.00 -100.00
 100    37.944 55641.22520461 30.28  85.696942  25.513833   -100 -100.00 -100.00 -100.00
 100    37.741 55641.22520520 31.56  85.698083  25.511393   -100 -100.00 -100.00 -100.00
 101    37.893 55651.14085259 37.12  85.695025  25.515795   -100 -100.00 -100.00 -100.00
 101    37.633 55651.14085318 37.75  85.696166  25.513355  9.758 -100.00 -100.00 -100.00
 101    37.817 55651.14085377 43.49  85.697307  25.510915 17.624 -100.00 -100.00 -100.00
 102    37.633 55661.05649759 29.38  85.693773  25.513867   -100 -100.00 -100.00 -100.00
 102    37.538 55661.05649818 31.94  85.694914  25.511427   -100 -100.00 -100.00 -100.00
 103    37.564 55670.97213903 35.90  85.692516  25.512336 21.931 -100.00 -100.00 -100.00
 103    37.860 55670.97213962 34.39  85.693657  25.509896   -100 -100.00 -100.00 -100.00
 103    37.668 55670.97214139 27.07  85.697079  25.502576 21.082 -100.00 -100.00 -100.00
 104    37.781 55680.88777792 30.00  85.692054  25.514077   -100 -100.00 -100.00 -100.00
 104    37.829 55680.88777851 26.08  85.693195  25.511638 25.676 -100.00 -100.00 -100.00
 104    37.935 55680.88777910 28.07  85.694336  25.509198 28.003 -100.00 -100.00 -100.00
 105    38.124 55690.80341464 24.79  85.694032  25.517680 24.343 -100.00 -100.00 -100.00
 105    38.159 55690.80341523 26.26  85.695173  25.515240 31.515 -100.00 -100.00 -100.00
 105    38.229 55690.80341582 26.99  85.696314  25.512800 28.923 -100.00 -100.00 -100.00
 105    38.299 55690.80341641 28.26  85.697455  25.510360 31.189 -100.00 -100.00 -100.00
 106    38.398 55700.71905072 29.37  85.698775  25.517133   -100 -100.00 -100.00 -100.00
 106    38.118 55700.71905131 31.61  85.699916  25.514693   -100 -100.00 -100.00 -100.00
 106    38.311 55700.71905190 30.15  85.701057  25.512253   -100 -100.00 -100.00 -100.00
 107    38.525 55710.63469027 27.36  85.699955  25.518637   -100 -100.00 -100.00 -100.00
 107    38.435 55710.63469086 27.28  85.701096  25.516196   -100 -100.00 -100.00 -100.00
 107    38.246 55710.63469145 30.62  85.702237  25.513756   -100 -100.00 -100.00 -100.00
 108    39.805 55720.55033982 34.46  85.696957  25.517762 15.185 -100.00 -100.00 -100.00
 108    39.149 55720.55034041 37.17  85.698098  25.515322 28.134 -100.00 -100.00 -100.00
 108    38.663 55720.55034100 43.41  85.699239  25.512882  5.544 -100.00 -100.00 -100.00
 109    43.821 55730.46598748 24.36  85.694444  25.516304 10.059 -100.00 -100.00 -100.00
 109    38.553 55730.46598807 31.20  85.695585  25.513864 27.299 -100.00 -100.00 -100.00
 109    38.488 55730.46598866 30.33  85.696725  25.511423 23.727 -100.00 -100.00 -100.00
 110    44.109 55740.38163387 25.56  85.693162  25.516262 14.370 -100.00 -100.00 -100.00
 110    40.474 55740.38163446 29.52  85.694303  25.513822 25.515 -100.00 -100.00 -100.00
 110    40.676 55740.38163505 31.18  85.695444  25.511382 30.949 -100.00 -100.00 -100.00
 111    44.375 55750.29727930 34.05  85.693229  25.516297   -100 -100.00 -100.00 -100.00
 111    44.322 55750.29727989 31.59  85.694370  25.513857 26.826 -100.00 -100.00 -100.00
 111    44.356 55750.29728048 32.38  85.695511  25.511416 30.311 -100.00 -100.00 -100.00
 112    43.558 55760.21292270 32.09  85.694463  25.515727   -100 -100.00 -100.00 -100.00
 112    43.177 55760.21292329 34.43  85.695604  25.513286   -100 -100.00 -100.00 -100.00
 112    43.244 55760.21292388 31.90  85.696744  25.510846   -100 -100.00 -100.00 -100.00
 113    45.706 55770.12856295 33.25  85.694865  25.516128 25.333 -100.00 -100.00 -100.00
 113    45.937 55770.12856354 33.60  85.696006  25.513688 22.208 -100.00 -100.00 -100.00
 113    45.818 55770.12856413 41.00  85.697147  25.511247   -100 -100.00 -100.00 -100.00
 114    45.436 55780.04419965 31.54  85.694259  25.517015 19.926 -100.00 -100.00 -100.00
 114    45.361 55780.04420024 32.67  85.695400  25.514575 27.429 -100.00 -100.00 -100.00
 114    45.314 55780.04420083 31.35  85.696541  25.512134 22.769 -100.00 -100.00 -100.00
 115    47.041 55789.95983372 33.63  85.694710  25.517575 18.508 -100.00 -100.00 -100.00
 115    46.744 55789.95983431 32.20  85.695851  25.515135 16.489 -100.00 -100.00 -100.00
 115    46.665 55789.95983490 33.01  85.696992  25.512695 18.470 -100.00 -100.00 -100.00
 116    46.285 55799.87546692 31.51  85.697915  25.516707 17.784 -100.00 -100.00 -100.00
 116    46.149 55799.87546751 31.81  85.699056  25.514267 19.186 -100.00 -100.00 -100.00
 117    45.499 55809.79111362 37.27  85.696942  25.518072   -100 -100.00 -100.00 -100.00
 117    45.538 55809.79111421 33.64  85.698083  25.515632 23.961 -100.00 -100.00 -100.00
 117    45.412 55809.79111480 33.86  85.699225  25.513191 26.406 -100.00 -100.00 -100.00
 118    45.782 55819.70676196 38.67  85.696983  25.518530   -100 -100.00 -100.00 -100.00
 118    45.776 55819.70676255 35.75  85.698124  25.516090 27.794 -100.00 -100.00 -100.00
 118    45.488 55819.70676314 35.77  85.699265  25.513650 29.231 -100.00 -100.00 -100.00
 119    46.164 55829.62240613 33.22  85.698006  25.517806 17.882 -100.00 -100.00 -100.00
 119    45.807 55829.62240672 30.35  85.699147  25.515365 11.710 -100.00 -100.00 -100.00
 119    46.055 55829.62240731 29.45  85.700288  25.512925 10.334 -100.00 -100.00 -100.00
 120    44.121 55839.53804545 49.57  85.697426  25.518454   -100 -100.00 -100.00 -100.00
 120    43.983 55839.53804604 49.57  85.698568  25.516014   -100 -100.00 -100.00 -100.00
 120    44.265 55839.53804663 51.90  85.699709  25.513573   -100 -100.00 -100.00 -100.00
 121    42.362 55849.45368233 41.89  85.697192  25.517195   -100 -100.00 -100.00 -100.00
 121    42.867 55849.45368292 44.43  85.698333  25.514755 26.004 -100.00 -100.00 -100.00
 121    42.165 55849.45368351 46.59  85.699474  25.512314 10.946 -100.00 -100.00 -100.00
 122    41.781 55859.36931726 44.39  85.698269  25.517695   -100 -100.00 -100.00 -100.00
 122    41.832 55859.36931785 49.31  85.699410  25.515255   -100 -100.00 -100.00 -100.00
 122    41.803 55859.36931844 50.81  85.700552  25.512814   -100 -100.00 -100.00 -100.00
 123    41.425 55869.28496670 41.89  85.697378  25.517748   -100 -100.00 -100.00 -100.00
 123    41.683 55869.28496729 45.48  85.698519  25.515308 30.936 -100.00 -100.00 -100.00
 123    41.318 55869.28496788 47.70  85.699660  25.512867   -100 -100.00 -100.00 -100.00
 124    41.726 55879.20061840 39.31  85.697392  25.517716 22.602 -100.00 -100.00 -100.00
 124    41.258 55879.20061899 44.46  85.698533  25.515275   -100 -100.00 -100.00 -100.00
 124    41.126 55879.20061958 47.79  85.699674  25.512835   -100 -100.00 -100.00 -100.00
 125    40.633 55889.11626355 35.45  85.697868  25.517364   -100 -100.00 -100.00 -100.00
 125    40.729 55889.11626414 36.76  85.699009  25.514924   -100 -100.00 -100.00 -100.00
 125    40.456 55889.11626473 40.59  85.700150  25.512483 20.393 -100.00 -100.00 -100.00
 126    40.439 55899.03190293 41.39  85.698331  25.516586   -100 -100.00 -100.00 -100.00
 126    40.479 55899.03190352 45.68  85.699472  25.514145   -100 -100.00 -100.00 -100.00
 127    40.067 55908.94753668 43.06  85.698641  25.518594   -100 -100.00 -100.00 -100.00
 127    39.732 55908.94753727 44.56  85.699782  25.516154 11.498 -100.00 -100.00 -100.00
 127    39.853 55908.94753787 47.55  85.700923  25.513714  4.181 -100.00 -100.00 -100.00
 128    39.349 55918.86318632 37.45  85.695503  25.518251 29.488 -100.00 -100.00 -100.00
 128    40.079 55918.86318691 40.18  85.696644  25.515811 28.455 -100.00 -100.00 -100.00
 128    39.454 55918.86318750 52.81  85.697785  25.513371 26.155 -100.00 -100.00 -100.00
 129    39.426 55928.77883949 45.55  85.694533  25.515591   -100 -100.00 -100.00 -100.00
 129    39.205 55928.77884008 52.30  85.695674  25.513150 19.797 -100.00 -100.00 -100.00
 129    39.368 55928.77884067 50.08  85.696814  25.510710  8.841 -100.00 -100.00 -100.00
 130    40.337 55938.69448841 38.31  85.693793  25.515910 21.017 -100.00 -100.00 -100.00
 130    40.300 55938.69448901 41.47  85.694933  25.513470 21.566 -100.00 -100.00 -100.00
 130    39.571 55938.69448960 47.48  85.696074  25.511029   -100 -100.00 -100.00 -100.00
 131    39.354 55948.61013284 51.86  85.693306  25.514601 29.027 -100.00 -100.00 -100.00
 131    39.592 55948.61013343 49.45  85.694447  25.512161   -100 -100.00 -100.00 -100.00
 131    39.169 55948.61013402 51.65  85.695588  25.509721 20.728 -100.00 -100.00 -100.00
 132    39.821 55958.52577269 39.36  85.692505  25.513850 22.542 -100.00 -100.00 -100.00
 132    39.553 55958.52577328 43.42  85.693646  25.511410 30.326 -100.00 -100.00 -100.00
 132    38.894 55958.52577387 40.43  85.694787  25.508970   -100 -100.00 -100.00 -100.00
 133    38.705 55968.44141021 30.60  85.692193  25.514164   -100 -100.00 -100.00 -100.00
 133    38.843 55968.44141080 32.65  85.693334  25.511723   -100 -100.00 -100.00 -100.00
 133    38.920 55968.44141139 30.40  85.694475  25.509283   -100 -100.00 -100.00 -100.00
 134    39.004 55978.35704684 29.92  85.693101  25.516409   -100 -100.00 -100.00 -100.00
 134    38.770 55978.35704743 30.72  85.694242  25.513969   -100 -100.00 -100.00 -100.00
 134    38.983 55978.35704802 32.48  85.695383  25.511529   -100 -100.00 -100.00 -100.00
 135    38.685 55988.27268333 31.62  85.696303  25.517740   -100 -100.00 -100.00 -100.00
 135    38.811 55988.27268392 33.76  85.697444  25.515299   -100 -100.00 -100.00 -100.00
 135    38.631 55988.27268451 36.87  85.698585  25.512859  7.390 -100.00 -100.00 -100.00
 136    39.492 55998.18832484 41.56  85.699196  25.516672 19.150 -100.00 -100.00 -100.00
 136    38.410 55998.18832543 52.97  85.700337  25.514232   -100 -100.00 -100.00 -100.00
 137    38.455 56008.10397598 28.40  85.696101  25.517789   -100 -100.00 -100.00 -100.00
 137    38.618 56008.10397657 29.58  85.697242  25.515349   -100 -100.00 -100.00 -100.00
 137    38.674 56008.10397716 30.89  85.698382  25.512909   -100 -100.00 -100.00 -100.00
 138    38.991 56018.01962347 40.43  85.693845  25.516030   -100 -100.00 -100.00 -100.00
 138    38.870 56018.01962406 50.92  85.694986  25.513590   -100 -100.00 -100.00 -100.00
 138    38.712 56018.01962465 43.57  85.696127  25.511150   -100 -100.00 -100.00 -100.00
 139    38.696 56027.93526838 26.38  85.692929  25.511945   -100 -100.00 -100.00 -100.00
 139    38.715 56027.93526897 26.28  85.694070  25.509505 28.564 -100.00 -100.00 -100.00
 140    38.776 56037.85091028 28.34  85.691752  25.512980   -100 -100.00 -100.00 -100.00
 140    38.688 56037.85091087 29.87  85.692893  25.510540   -100 -100.00 -100.00 -100.00
 140    38.678 56037.85091146 31.88  85.694034  25.508100   -100 -100.00 -100.00 -100.00
 141    38.952 56047.76655030 49.98  85.693746  25.514321   -100 -100.00 -100.00 -100.00
 141    38.887 56047.76655089 46.50  85.694887  25.511881   -100 -100.00 -100.00 -100.00
 141    38.579 56047.76655148 43.17  85.696028  25.509441 10.140 -100.00 -100.00 -100.00
 142    38.709 56057.68218736 35.05  85.696642  25.516692   -100 -100.00 -100.00 -100.00
 142    38.629 56057.68218795 42.93  85.697783  25.514252 16.152 -100.00 -100.00 -100.00
 142    38.696 56057.68218854 40.67  85.698924  25.511812   -100 -100.00 -100.00 -100.00
 143    38.823 56067.59782069 39.61  85.701445  25.516830   -100 -100.00 -100.00 -100.00
 143    38.639 56067.59782128 49.47  85.702586  25.514390   -100 -100.00 -100.00 -100.00
 144    38.305 56077.51346967 28.47  85.698064  25.517483   -100 -100.00 -100.00 -100.00
 144    38.483 56077.51347026 30.66  85.699205  25.515043   -100 -100.00 -100.00 -100.00
 144    38.508 56077.51347085 31.47  85.700346  25.512603   -100 -100.00 -100.00 -100.00
 145    38.855 56087.42911799 28.40  85.694267  25.517423   -100 -100.00 -100.00 -100.00
 145    39.027 56087.42911858 28.75  85.695408  25.514983   -100 -100.00 -100.00 -100.00
 145    38.819 56087.42911917 31.97  85.696549  25.512542  0.827 -100.00 -100.00 -100.00
 146    39.180 56097.34476469 37.73  85.693491  25.515369 27.165 -100.00 -100.00 -100.00
 146    38.724 56097.34476528 43.74  85.694632  25.512929 12.513 -100.00 -100.00 -100.00
 146    38.823 56097.34476587 39.35  85.695773  25.510489   -100 -100.00 -100.00 -100.00
 147    40.427 56107.26040907 35.96  85.693861  25.515225   -100 -100.00 -100.00 -100.00
 147    40.570 56107.26040966 31.22  85.695002  25.512785 24.052 -100.00 -100.00 -100.00
 147    40.671 56107.26041025 31.03  85.696143  25.510344 22.286 -100.00 -100.00 -100.00
 148    44.362 56117.17603855 17.80  85.693900  25.517675  7.433 -100.00 -100.00 -100.00
 148    44.381 56117.17603914 17.39  85.695041  25.515235  5.970 -100.00 -100.00 -100.00
 148    43.361 56117.17603973 19.41  85.696182  25.512794 10.043 -100.00 -100.00 -100.00
 148    41.154 56117.17604032 20.71  85.697322  25.510354 11.677 -100.00 -100.00 -100.00
 149    44.046 56127.09167648 29.71  85.695420  25.517909 23.196 -100.00 -100.00 -100.00
 149    43.859 56127.09167707 29.12  85.696561  25.515469 20.250 -100.00 -100.00 -100.00
 149    41.959 56127.09167766 33.01  85.697702  25.513029   -100 -100.00 -100.00 -100.00
 150    43.897 56137.00731067 21.78  85.696927  25.517430  9.447 -100.00 -100.00 -100.00
 150    43.858 56137.00731126 22.66  85.698068  25.514990  9.415 -100.00 -100.00 -100.00
 150    43.353 56137.00731185 29.05  85.699210  25.512550 26.265 -100.00 -100.00 -100.00
 151    45.067 56146.92295542 30.67  85.695531  25.516206 26.746 -100.00 -100.00 -100.00
 151    45.032 56146.92295601 30.22  85.696672  25.513766 26.021 -100.00 -100.00 -100.00
 151    44.952 56146.92295660 29.24  85.697813  25.511325 20.402 -100.00 -100.00 -100.00
 152    45.432 56156.83860458 47.72  85.694388  25.514936   -100 -100.00 -100.00 -100.00
 152    45.198 56156.83860517 38.17  85.695529  25.512495   -100 -100.00 -100.00 -100.00
 152    45.129 56156.83860576 33.72  85.696670  25.510055 18.824 -100.00 -100.00 -100.00
 153    45.377 56166.75425213 35.03  85.693465  25.516630   -100 -100.00 -100.00 -100.00
 153    45.265 56166.75425272 35.04  85.694606  25.514190   -100 -100.00 -100.00 -100.00
 153    45.212 56166.75425331 29.46  85.695747  25.511750 17.420 -100.00 -100.00 -100.00
 154    44.918 56176.66989807 29.20  85.694724  25.515039 22.138 -100.00 -100.00 -100.00
 154    44.860 56176.66989866 30.41  85.695865  25.512599 26.765 -100.00 -100.00 -100.00
 154    44.912 56176.66989925 29.61  85.697006  25.510159 22.321 -100.00 -100.00 -100.00
 155    45.090 56186.58553825 25.69  85.694587  25.517323 11.401 -100.00 -100.00 -100.00
 155    45.048 56186.58553884 25.62  85.695728  25.514882  9.959 -100.00 -100.00 -100.00
 155    44.805 56186.58553943 25.62  85.696870  25.512442 12.219 -100.00 -100.00 -100.00
 156    45.860 56196.50117528 51.49  85.694977  25.517486   -100 -100.00 -100.00 -100.00
 156    45.544 56196.50117587 52.92  85.696119  25.515045 11.871 -100.00 -100.00 -100.00
 156    45.564 56196.50117647 54.25  85.697260  25.512605 23.144 -100.00 -100.00 -100.00
 157    43.217 56206.41680975 45.50  85.696255  25.517265   -100 -100.00 -100.00 -100.00
 157    43.171 56206.41681034 51.83  85.697397  25.514824   -100 -100.00 -100.00 -100.00
 157    42.980 56206.41681093 50.79  85.698538  25.512384 21.242 -100.00 -100.00 -100.00
 158    42.195 56216.33244308 43.62  85.699082  25.517255 22.965 -100.00 -100.00 -100.00
 158    41.247 56216.33244367 48.07  85.700223  25.514815 18.493 -100.00 -100.00 -100.00
 158    42.470 56216.33244426 41.75  85.701364  25.512374   -100 -100.00 -100.00 -100.00
 159    41.494 56226.24808380 42.42  85.700424  25.518949 23.966 -100.00 -100.00 -100.00
 159    40.902 56226.24808439 44.45  85.701565  25.516508   -100 -100.00 -100.00 -100.00
 159    40.952 56226.24808498 37.63  85.702706  25.514068   -100 -100.00 -100.00 -100.00
 160    42.622 56236.16373927 30.03  85.698839  25.518382 29.336 -100.00 -100.00 -100.00
 160    40.429 56236.16373986 34.94  85.699980  25.515942  0.178 -100.00 -100.00 -100.00
 160    40.649 56236.16374045 30.55  85.701121  25.513501   -100 -100.00 -100.00 -100.00
 161    40.319 56246.07939087 38.60  85.696973  25.517530   -100 -100.00 -100.00 -100.00
 161    40.625 56246.07939146 43.71  85.698114  25.515090   -100 -100.00 -100.00 -100.00
 161    40.273 56246.07939205 39.66  85.699255  25.512649   -100 -100.00 -100.00 -100.00
 162    40.140 56255.99503706 32.87  85.694750  25.517730 24.031 -100.00 -100.00 -100.00
 162    40.319 56255.99503765 37.10  85.695891  25.515290   -100 -100.00 -100.00 -100.00
 162    40.098 56255.99503824 37.21  85.697032  25.512850   -100 -100.00 -100.00 -100.00
 163    40.072 56265.91067980 41.35  85.694577  25.516003   -100 -100.00 -100.00 -100.00
 163    39.518 56265.91068040 45.15  85.695718  25.513562 15.777 -100.00 -100.00 -100.00
 163    39.382 56265.91068099 38.77  85.696859  25.511122  8.124 -100.00 -100.00 -100.00
 164    39.552 56275.82632029 41.39  85.694517  25.516364   -100 -100.00 -100.00 -100.00
 164    39.396 56275.82632088 47.50  85.695658  25.513924  6.697 -100.00 -100.00 -100.00
 164    39.347 56275.82632147 36.13  85.696799  25.511484   -100 -100.00 -100.00 -100.00
 165    38.972 56285.74196624 34.95  85.694088  25.516245 30.286 -100.00 -100.00 -100.00
 165    39.282 56285.74196683 37.38  85.695229  25.513805   -100 -100.00 -100.00 -100.00
 165    38.951 56285.74196742 34.24  85.696370  25.511364  6.057 -100.00 -100.00 -100.00
 166    39.354 56295.65761634 37.64  85.692885  25.515523 25.071 -100.00 -100.00 -100.00
 166    39.257 56295.65761693 40.58  85.694026  25.513083   -100 -100.00 -100.00 -100.00
 166    38.765 56295.65761752 38.24  85.695167  25.510643   -100 -100.00 -100.00 -100.00
 167    38.878 56305.57326295 46.01  85.692644  25.512129   -100 -100.00 -100.00 -100.00
 167    38.696 56305.57326354 37.89  85.693785  25.509689   -100 -100.00 -100.00 -100.00
 167    38.322 56305.57326531 30.92  85.697208  25.502368   -100 -100.00 -100.00 -100.00
 168    38.717 56315.48890567 43.68  85.691611  25.511569  6.245 -100.00 -100.00 -100.00
 168    38.687 56315.48890626 39.19  85.692752  25.509129   -100 -100.00 -100.00 -100.00
 168    38.344 56315.48890803 31.44  85.696175  25.501808   -100 -100.00 -100.00 -100.00
 169    39.785 56325.40454676 44.80  85.691698  25.511800 20.951 -100.00 -100.00 -100.00
 169    38.739 56325.40454735 40.31  85.692839  25.509360  0.153 -100.00 -100.00 -100.00
 169    38.584 56325.40454912 31.35  85.696261  25.502040 20.341 -100.00 -100.00 -100.00
 170    39.643 56335.32018661 35.00  85.692310  25.515141 22.063 -100.00 -100.00 -100.00
 170    38.866 56335.32018720 37.04  85.693451  25.512701  5.073 -100.00 -100.00 -100.00
 170    38.778 56335.32018779 28.28  85.694592  25.510260   -100 -100.00 -100.00 -100.00
 171    40.116 56345.23582577 36.12  85.694091  25.517658 20.202 -100.00 -100.00 -100.00
 171    39.197 56345.23582636 48.14  85.695232  25.515218   -100 -100.00 -100.00 -100.00
 171    39.122 56345.23582695 44.54  85.696373  25.512778   -100 -100.00 -100.00 -100.00
 171    39.042 56345.23582754 35.48  85.697514  25.510338 11.827 -100.00 -100.00 -100.00
 172    39.303 56355.15146300 31.97  85.696391  25.518386 29.493 -100.00 -100.00 -100.00
 172    39.259 56355.15146359 35.02  85.697532  25.515946   -100 -100.00 -100.00 -100.00
 172    39.101 56355.15146418 42.30  85.698672  25.513506   -100 -100.00 -100.00 -100.00
 173    39.106 56365.06710882 34.98  85.694494  25.518211 24.833 -100.00 -100.00 -100.00
 173    39.193 56365.06710941 46.75  85.695635  25.515771   -100 -100.00 -100.00 -100.00
 173    39.119 56365.06711000 44.08  85.696776  25.513331 21.857 -100.00 -100.00 -100.00
 173    38.991 56365.06711059 36.82  85.697917  25.510891   -100 -100.00 -100.00 -100.00
 174    38.517 56374.98275838 38.87  85.692437  25.515207 20.256 -100.00 -100.00 -100.00
 174    38.710 56374.98275897 40.28  85.693578  25.512767  2.845 -100.00 -100.00 -100.00
 174    38.674 56374.98275956 33.93  85.694719  25.510327   -100 -100.00 -100.00 -100.00
 176    38.718 56394.81404847 44.92  85.692338  25.512206   -100 -100.00 -100.00 -100.00
 176    38.546 56394.81404906 40.75  85.693478  25.509766  0.485 -100.00 -100.00 -100.00
 176    37.995 56394.81405083 30.80  85.696900  25.502446   -100 -100.00 -100.00 -100.00
 177    38.510 56404.72968937 37.94  85.692917  25.515530   -100 -100.00 -100.00 -100.00
 177    38.493 56404.72968996 39.23  85.694058  25.513090   -100 -100.00 -100.00 -100.00
 177    38.471 56404.72969055 34.07  85.695199  25.510650   -100 -100.00 -100.00 -100.00
 178    39.488 56414.64532789 37.84  85.695607  25.515961 21.540 -100.00 -100.00 -100.00
 178    38.907 56414.64532848 43.01  85.696748  25.513521   -100 -100.00 -100.00 -100.00
 178    38.574 56414.64532907 36.20  85.697888  25.511081 13.523 -100.00 -100.00 -100.00
 179    39.219 56424.56096141 31.78  85.698627  25.517444 24.934 -100.00 -100.00 -100.00
 179    38.497 56424.56096200 33.08  85.699768  25.515004   -100 -100.00 -100.00 -100.00
 179    38.720 56424.56096259 30.63  85.700909  25.512564   -100 -100.00 -100.00 -100.00
 180    38.351 56434.47660761 30.27  85.697347  25.516718   -100 -100.00 -100.00 -100.00
 180    38.609 56434.47660820 28.85  85.698488  25.514278   -100 -100.00 -100.00 -100.00
 180    38.626 56434.47660879 20.66  85.699628  25.511838 15.166 -100.00 -100.00 -100.00
 181    39.272 56444.39225989 26.43  85.694130  25.514330 25.674 -100.00 -100.00 -100.00
 181    42.738 56444.39226048 19.85  85.695271  25.511890  8.590 -100.00 -100.00 -100.00
 181    40.715 56444.39226107 21.37  85.696411  25.509450 12.101 -100.00 -100.00 -100.00
 182    39.133 56454.30790966 26.71  85.692445  25.513265   -100 -100.00 -100.00 -100.00
 182    39.096 56454.30791025 23.74  85.693585  25.510825 22.457 -100.00 -100.00 -100.00
 182    39.067 56454.30791084 24.34  85.694726  25.508385 24.261 -100.00 -100.00 -100.00
 183    42.010 56464.22355679 48.63  85.691989  25.512444 18.246 -100.00 -100.00 -100.00
 183    42.417 56464.22355738 48.02  85.693130  25.510004   -100 -100.00 -100.00 -100.00
 184    43.865 56474.13920043 31.02  85.692182  25.511864   -100 -100.00 -100.00 -100.00
 184    44.020 56474.13920102 24.90  85.693323  25.509423 12.124 -100.00 -100.00 -100.00
 184    44.201 56474.13920279 30.11  85.696746  25.502103 22.158 -100.00 -100.00 -100.00
 185    44.977 56484.05484046 26.94  85.692495  25.512214 15.055 -100.00 -100.00 -100.00
 185    44.646 56484.05484105 27.41  85.693636  25.509774 17.755 -100.00 -100.00 -100.00
 185    44.869 56484.05484282 29.24  85.697058  25.502453 19.915 -100.00 -100.00 -100.00
 186    45.428 56493.97047660 38.54  85.692475  25.514687   -100 -100.00 -100.00 -100.00
 186    45.053 56493.97047719 27.47  85.693616  25.512247 17.950 -100.00 -100.00 -100.00
 186    44.811 56493.97047778 27.25  85.694757  25.509807 17.631 -100.00 -100.00 -100.00
 187    46.224 56503.88611048 30.44  85.694445  25.517316 19.676 -100.00 -100.00 -100.00
 187    46.182 56503.88611107 27.41  85.695586  25.514876 10.990 -100.00 -100.00 -100.00
 187    46.041 56503.88611166 29.69  85.696727  25.512436 17.616 -100.00 -100.00 -100.00
 188    46.590 56513.80174342 31.87  85.700008  25.517423 22.303 -100.00 -100.00 -100.00
 188    46.196 56513.80174401 34.24  85.701149  25.514982   -100 -100.00 -100.00 -100.00
 188    46.554 56513.80174460 38.61  85.702290  25.512542   -100 -100.00 -100.00 -100.00
 189    46.706 56523.71739335 32.10  85.699795  25.517119 20.867 -100.00 -100.00 -100.00
 189    46.734 56523.71739394 32.37  85.700936  25.514678 20.964 -100.00 -100.00 -100.00
 190    47.032 56533.63304435 29.20  85.697194  25.517117 14.970 -100.00 -100.00 -100.00
 190    47.039 56533.63304494 29.64  85.698335  25.514677 14.873 -100.00 -100.00 -100.00
 190    47.070 56533.63304553 32.45  85.699476  25.512237 23.774 -100.00 -100.00 -100.00
 192    43.916 56553.46433664 41.40  85.693347  25.513728   -100 -100.00 -100.00 -100.00
 192    43.743 56553.46433723 38.39  85.694488  25.511287   -100 -100.00 -100.00 -100.00
 192    44.062 56553.46433782 39.63  85.695629  25.508847 32.000 -100.00 -100.00 -100.00
 193    42.892 56563.37997894 32.88  85.692582  25.515595 32.424 -100.00 -100.00 -100.00
 193    42.915 56563.37997953 33.14  85.693723  25.513154   -100 -100.00 -100.00 -100.00
 193    43.307 56563.37998012 28.84  85.694865  25.510714 17.626 -100.00 -100.00 -100.00
 194    44.328 56573.29562092 27.18  85.694834  25.515108 17.373 -100.00 -100.00 -100.00
 194    43.329 56573.29562151 26.48  85.695975  25.512668 14.581 -100.00 -100.00 -100.00
 194    43.425 56573.29562210 26.08  85.697116  25.510227 14.617 -100.00 -100.00 -100.00
 195    44.239 56583.21126029 47.75  85.697101  25.516980   -100 -100.00 -100.00 -100.00
 195    44.256 56583.21126088 48.77  85.698242  25.514540   -100 -100.00 -100.00 -100.00
 195    44.191 56583.21126147 47.80  85.699383  25.512099   -100 -100.00 -100.00 -100.00
 196    42.695 56593.12689555 29.39  85.700769  25.517541 21.994 -100.00 -100.00 -100.00
 196    42.790 56593.12689614 33.59  85.701910  25.515101   -100 -100.00 -100.00 -100.00
 197    42.795 56603.04254745 42.89  85.696789  25.517857 21.086 -100.00 -100.00 -100.00
 197    41.921 56603.04254804 47.92  85.697930  25.515416   -100 -100.00 -100.00 -100.00
 197    41.808 56603.04254863 52.34  85.699071  25.512976   -100 -100.00 -100.00 -100.00
 198    41.233 56612.95819706 42.84  85.694588  25.515071   -100 -100.00 -100.00 -100.00
 198    41.467 56612.95819765 40.33  85.695729  25.512630   -100 -100.00 -100.00 -100.00
 198    41.490 56612.95819824 39.05  85.696870  25.510190   -100 -100.00 -100.00 -100.00
 199    40.916 56622.87384200 54.31  85.694206  25.514261   -100 -100.00 -100.00 -100.00
 199    40.979 56622.87384259 51.22  85.695347  25.511821 15.889 -100.00 -100.00 -100.00
 200    41.240 56632.78948326 41.86  85.693784  25.516759 29.912 -100.00 -100.00 -100.00
 200    40.773 56632.78948385 52.65  85.694925  25.514319  3.451 -100.00 -100.00 -100.00
 200    40.607 56632.78948444 44.04  85.696066  25.511879 23.491 -100.00 -100.00 -100.00
 201    40.114 56642.70512035 39.68  85.695926  25.518149  0.580 -100.00 -100.00 -100.00
 201    40.392 56642.70512094 44.75  85.697067  25.515708   -100 -100.00 -100.00 -100.00
 201    40.265 56642.70512153 40.08  85.698208  25.513268   -100 -100.00 -100.00 -100.00
 202    40.439 56652.62077076 42.86  85.694826  25.515667 30.769 -100.00 -100.00 -100.00
 202    39.794 56652.62077135 43.13  85.695967  25.513227 18.485 -100.00 -100.00 -100.00
 202    39.990 56652.62077194 36.10  85.697108  25.510786   -100 -100.00 -100.00 -100.00
 203    40.033 56662.53641999 49.80  85.692082  25.514738  4.696 -100.00 -100.00 -100.00
 203    39.938 56662.53642058 46.87  85.693223  25.512297   -100 -100.00 -100.00 -100.00
 203    39.728 56662.53642117 45.70  85.694364  25.509857   -100 -100.00 -100.00 -100.00
 204    39.879 56672.45206734 40.18  85.691597  25.511200   -100 -100.00 -100.00 -100.00
 204    39.787 56672.45206793 39.18  85.692738  25.508760  1.004 -100.00 -100.00 -100.00
 205    39.947 56682.36771267 34.34  85.691631  25.511414   -100 -100.00 -100.00 -100.00
 205    40.039 56682.36771326 32.72  85.692772  25.508974   -100 -100.00 -100.00 -100.00
 205    39.962 56682.36771503 28.56  85.696195  25.501653 31.934 -100.00 -100.00 -100.00
 206    40.213 56692.28335562 36.22  85.692489  25.514366   -100 -100.00 -100.00 -100.00
 206    40.059 56692.28335621 34.11  85.693629  25.511926   -100 -100.00 -100.00 -100.00
 206    39.980 56692.28335680 33.84  85.694770  25.509486   -100 -100.00 -100.00 -100.00
 207    39.846 56702.19899478 38.78  85.694715  25.517218   -100 -100.00 -100.00 -100.00
 207    39.832 56702.19899537 37.46  85.695855  25.514778   -100 -100.00 -100.00 -100.00
 207    39.706 56702.19899596 34.35  85.696996  25.512338   -100 -100.00 -100.00 -100.00
 208    39.648 56712.11462938 37.22  85.697200  25.517764   -100 -100.00 -100.00 -100.00
 208    39.436 56712.11462997 38.85  85.698341  25.515324 15.432 -100.00 -100.00 -100.00
 208    39.534 56712.11463056 33.79  85.699482  25.512884   -100 -100.00 -100.00 -100.00
 209    41.417 56722.03027560 38.82  85.694083  25.517181 16.373 -100.00 -100.00 -100.00
 209    40.083 56722.03027619 44.14  85.695224  25.514741   -100 -100.00 -100.00 -100.00
 209    39.794 56722.03027678 37.94  85.696364  25.512301 11.264 -100.00 -100.00 -100.00
 210    39.930 56731.94592818 46.28  85.692057  25.511264 17.711 -100.00 -100.00 -100.00
 210    39.946 56731.94592877 47.25  85.693198  25.508824 19.525 -100.00 -100.00 -100.00
 211    39.710 56741.86157584 43.90  85.691136  25.510968   -100 -100.00 -100.00 -100.00
 211    40.234 56741.86157643 46.02  85.692277  25.508528 29.795 -100.00 -100.00 -100.00
 211    39.704 56741.86157702 41.99  85.693418  25.506088   -100 -100.00 -100.00 -100.00
 212    39.779 56751.77721852 45.25  85.692083  25.513975   -100 -100.00 -100.00 -100.00
 212    39.772 56751.77721911 45.96  85.693224  25.511535   -100 -100.00 -100.00 -100.00
 212    39.291 56751.77721970 46.73  85.694364  25.509095   -100 -100.00 -100.00 -100.00
 213    39.165 56761.69285581 36.44  85.694477  25.518263   -100 -100.00 -100.00 -100.00
 213    39.735 56761.69285640 40.86  85.695617  25.515823   -100 -100.00 -100.00 -100.00
 213    39.306 56761.69285699 38.83  85.696758  25.513383 11.264 -100.00 -100.00 -100.00
 213    39.182 56761.69285758 34.89  85.697899  25.510943   -100 -100.00 -100.00 -100.00
 214    39.343 56771.60848728 37.28  85.698869  25.518700 26.368 -100.00 -100.00 -100.00
 214    39.201 56771.60848787 46.78  85.700009  25.516260 22.942 -100.00 -100.00 -100.00
 214    39.005 56771.60848846 41.51  85.701150  25.513820   -100 -100.00 -100.00 -100.00
 215    39.426 56781.52414272 32.19  85.694177  25.516781   -100 -100.00 -100.00 -100.00
 215    39.304 56781.52414331 30.90  85.695317  25.514340   -100 -100.00 -100.00 -100.00
 215    39.125 56781.52414390 30.98  85.696458  25.511900   -100 -100.00 -100.00 -100.00
 216    39.011 56791.43979810 30.22  85.691568  25.511131   -100 -100.00 -100.00 -100.00
 216    39.005 56791.43979869 30.37  85.692708  25.508691   -100 -100.00 -100.00 -100.00
 217    38.974 56801.35544998 29.33  85.689140  25.509090   -100 -100.00 -100.00 -100.00
 217    39.006 56801.35545057 30.46  85.690281  25.506650   -100 -100.00 -100.00 -100.00
 217    39.252 56801.35545116 30.51  85.691422  25.504210   -100 -100.00 -100.00 -100.00
 217    39.199 56801.35545175 26.35  85.692562  25.501769 25.488 -100.00 -100.00 -100.00
 218    39.426 56811.27109466 38.06  85.689818  25.509295   -100 -100.00 -100.00 -100.00
 218    40.426 56811.27109525 38.99  85.690959  25.506855 18.868 -100.00 -100.00 -100.00
 218    39.628 56811.27109584 40.81  85.692100  25.504414   -100 -100.00 -100.00 -100.00
 218    39.221 56811.27109643 40.17  85.693240  25.501974 15.668 -100.00 -100.00 -100.00
 219    39.411 56821.18673466 32.09  85.691035  25.511261   -100 -100.00 -100.00 -100.00
 219    39.422 56821.18673525 34.49  85.692176  25.508821  5.512 -100.00 -100.00 -100.00
 219    39.441 56821.18673584 34.32  85.693317  25.506381   -100 -100.00 -100.00 -100.00
 219    39.078 56821.18673702 33.01  85.695598  25.501500   -100 -100.00 -100.00 -100.00
 220    39.567 56831.10237044 45.25  85.692362  25.513546   -100 -100.00 -100.00 -100.00
 220    39.930 56831.10237103 44.97  85.693503  25.511106   -100 -100.00 -100.00 -100.00
 220    39.521 56831.10237162 42.30  85.694644  25.508666   -100 -100.00 -100.00 -100.00
 221    40.418 56841.01800308 44.92  85.694386  25.514952   -100 -100.00 -100.00 -100.00
 221    40.069 56841.01800367 44.34  85.695527  25.512512 20.031 -100.00 -100.00 -100.00
 221    40.169 56841.01800426 35.54  85.696668  25.510072   -100 -100.00 -100.00 -100.00
 222    41.481 56850.93363907 32.93  85.695107  25.517007   -100 -100.00 -100.00 -100.00
 222    41.465 56850.93363966 35.22  85.696248  25.514567   -100 -100.00 -100.00 -100.00
 222    41.477 56850.93364025 36.18  85.697389  25.512127   -100 -100.00 -100.00 -100.00
 223    42.810 56860.84929346 27.79  85.693363  25.514782 26.355 -100.00 -100.00 -100.00
 223    42.917 56860.84929406 28.67  85.694504  25.512342 27.058 -100.00 -100.00 -100.00
 223    42.906 56860.84929465 28.31  85.695645  25.509901 27.896 -100.00 -100.00 -100.00
 224    43.506 56870.76494703 28.01  85.693346  25.513244 22.165 -100.00 -100.00 -100.00
 224    43.715 56870.76494762 30.07  85.694487  25.510804 25.714 -100.00 -100.00 -100.00
 225    45.328 56880.68059723 28.10  85.692682  25.514045 14.001 -100.00 -100.00 -100.00
 225    45.000 56880.68059783 29.19  85.693823  25.511605 15.216 -100.00 -100.00 -100.00
 225    44.822 56880.68059842 31.79  85.694964  25.509164 17.359 -100.00 -100.00 -100.00
 226    46.020 56890.59624400 37.61  85.691550  25.513667   -100 -100.00 -100.00 -100.00
 226    45.694 56890.59624459 30.67  85.692690  25.511226 18.649 -100.00 -100.00 -100.00
 226    45.405 56890.59624518 30.25  85.693831  25.508786 17.619 -100.00 -100.00 -100.00
 227    44.151 56900.51188873 35.37  85.690853  25.509669   -100 -100.00 -100.00 -100.00
 227    44.130 56900.51188932 36.93  85.691994  25.507229   -100 -100.00 -100.00 -100.00
 227    44.122 56900.51188991 32.92  85.693135  25.504788   -100 -100.00 -100.00 -100.00
 227    44.195 56900.51189051 30.79  85.694276  25.502348 25.528 -100.00 -100.00 -100.00
 228    43.731 56910.42753095 27.94  85.689558  25.508652 15.277 -100.00 -100.00 -100.00
 228    43.659 56910.42753155 27.39  85.690699  25.506212 13.902 -100.00 -100.00 -100.00
 228    42.874 56910.42753214 30.29  85.691840  25.503771 22.831 -100.00 -100.00 -100.00
 228    43.311 56910.42753273 30.15  85.692981  25.501331 20.849 -100.00 -100.00 -100.00
 229    43.741 56920.34317145 32.83  85.690360  25.510353   -100 -100.00 -100.00 -100.00
 229    44.085 56920.34317204 27.16  85.691501  25.507913 16.208 -100.00 -100.00 -100.00
 229    44.017 56920.34317264 27.52  85.692642  25.505472 19.148 -100.00 -100.00 -100.00
 229    44.004 56920.34317323 27.76  85.693783  25.503031 16.866 -100.00 -100.00 -100.00
 230    43.143 56930.25880993 50.51  85.693565  25.513408   -100 -100.00 -100.00 -100.00
 230    43.160 56930.25881053 52.28  85.694706  25.510967   -100 -100.00 -100.00 -100.00
 231    41.803 56940.17444378 47.40  85.697730  25.516383   -100 -100.00 -100.00 -100.00
 231    41.650 56940.17444437 52.18  85.698871  25.513942  3.281 -100.00 -100.00 -100.00
 232    42.464 56950.09008206 44.76  85.699542  25.517490   -100 -100.00 -100.00 -100.00
 232    42.546 56950.09008265 46.96  85.700683  25.515050   -100 -100.00 -100.00 -100.00
 232    42.458 56950.09008324 51.49  85.701823  25.512609   -100 -100.00 -100.00 -100.00
 233    41.497 56960.00573383 41.81  85.694461  25.517888   -100 -100.00 -100.00 -100.00
 233    41.203 56960.00573443 49.60  85.695602  25.515448   -100 -100.00 -100.00 -100.00
 233    41.236 56960.00573502 46.27  85.696743  25.513007 12.768 -100.00 -100.00 -100.00
 233    41.557 56960.00573561 45.87  85.697884  25.510567   -100 -100.00 -100.00 -100.00
 234    40.842 56969.92138147 48.20  85.692614  25.514214  4.670 -100.00 -100.00 -100.00
 234    40.743 56969.92138206 49.40  85.693755  25.511774 19.031 -100.00 -100.00 -100.00
 234    40.851 56969.92138265 51.34  85.694896  25.509334  9.865 -100.00 -100.00 -100.00
 235    40.641 56979.83702455 47.37  85.692852  25.513687   -100 -100.00 -100.00 -100.00
 235    40.204 56979.83702515 47.69  85.693993  25.511247 13.514 -100.00 -100.00 -100.00
 235    40.340 56979.83702574 45.95  85.695134  25.508807 26.704 -100.00 -100.00 -100.00
 236    40.416 56989.75266247 41.05  85.694385  25.516770   -100 -100.00 -100.00 -100.00
 236    40.230 56989.75266306 44.92  85.695526  25.514330   -100 -100.00 -100.00 -100.00
 236    40.112 56989.75266365 45.71  85.696667  25.511890   -100 -100.00 -100.00 -100.00
 237    40.384 56999.66829476 40.04  85.699167  25.517721 21.680 -100.00 -100.00 -100.00
 237    39.504 56999.66829535 41.53  85.700308  25.515281 23.849 -100.00 -100.00 -100.00
 237    39.567 56999.66829594 39.95  85.701449  25.512841 15.384 -100.00 -100.00 -100.00
 238    39.255 57009.58394763 39.06  85.696543  25.516768   -100 -100.00 -100.00 -100.00
 238    39.362 57009.58394822 42.89  85.697684  25.514327   -100 -100.00 -100.00 -100.00
 238    39.466 57009.58394881 41.31  85.698825  25.511887 19.221 -100.00 -100.00 -100.00
 239    39.900 57019.49959982 43.64  85.693120  25.515576   -100 -100.00 -100.00 -100.00
 239    39.327 57019.49960041 44.93  85.694261  25.513136   -100 -100.00 -100.00 -100.00
 239    39.631 57019.49960100 39.97  85.695402  25.510696   -100 -100.00 -100.00 -100.00
 240    39.740 57029.41524978 43.18  85.691820  25.512679 26.792 -100.00 -100.00 -100.00
 240    39.435 57029.41525037 45.26  85.692961  25.510239   -100 -100.00 -100.00 -100.00
 240    39.329 57029.41525097 50.38  85.694102  25.507799  9.335 -100.00 -100.00 -100.00
 241    39.500 57039.33089807 37.81  85.691825  25.511548   -100 -100.00 -100.00 -100.00
 241    39.437 57039.33089866 40.00  85.692966  25.509107   -100 -100.00 -100.00 -100.00
 241    39.082 57039.33090043 31.51  85.696388  25.501787   -100 -100.00 -100.00 -100.00
 242    39.146 57049.24654383 40.84  85.692781  25.512647   -100 -100.00 -100.00 -100.00
 242    39.384 57049.24654442 38.46  85.693922  25.510207   -100 -100.00 -100.00 -100.00
 243    39.276 57059.16218537 34.71  85.694247  25.515345   -100 -100.00 -100.00 -100.00
 243    39.369 57059.16218596 33.59  85.695388  25.512904   -100 -100.00 -100.00 -100.00
 243    39.260 57059.16218655 37.13  85.696529  25.510464   -100 -100.00 -100.00 -100.00
 244    39.099 57069.07782134 35.12  85.695726  25.517218   -100 -100.00 -100.00 -100.00
 244    38.956 57069.07782193 37.40  85.696866  25.514778  0.937 -100.00 -100.00 -100.00
 244    39.147 57069.07782252 36.59  85.698007  25.512338   -100 -100.00 -100.00 -100.00
 245    39.928 57078.99345316 36.35  85.697202  25.517652 17.210 -100.00 -100.00 -100.00
 245    38.623 57078.99345375 42.37  85.698343  25.515212 30.043 -100.00 -100.00 -100.00
 245    38.928 57078.99345434 34.44  85.699484  25.512772   -100 -100.00 -100.00 -100.00
 246    38.974 57088.90908974 38.93  85.698134  25.517177   -100 -100.00 -100.00 -100.00
 246    38.634 57088.90909033 37.74  85.699275  25.514737 12.535 -100.00 -100.00 -100.00
 246    38.841 57088.90909092 35.03  85.700415  25.512297  9.951 -100.00 -100.00 -100.00
 247    39.046 57098.82474767 38.34  85.694266  25.516421  8.231 -100.00 -100.00 -100.00
 247    39.335 57098.82474826 38.88  85.695407  25.513981   -100 -100.00 -100.00 -100.00
 247    39.162 57098.82474885 37.17  85.696548  25.511541   -100 -100.00 -100.00 -100.00
 248    39.193 57108.74040280 40.43  85.693346  25.515513 32.684 -100.00 -100.00 -100.00
 248    39.185 57108.74040339 39.62  85.694486  25.513073 10.062 -100.00 -100.00 -100.00
 248    39.331 57108.74040398 38.46  85.695627  25.510633  6.204 -100.00 -100.00 -100.00
 249    39.537 57118.65605274 42.04  85.694339  25.514855   -100 -100.00 -100.00 -100.00
 249    39.366 57118.65605333 43.42  85.695480  25.512415 24.859 -100.00 -100.00 -100.00
 249    39.577 57118.65605392 49.32  85.696621  25.509975  6.961 -100.00 -100.00 -100.00
 250    39.252 57128.57169637 41.15  85.694104  25.515187  1.438 -100.00 -100.00 -100.00
 250    39.155 57128.57169696 42.37  85.695244  25.512747 13.321 -100.00 -100.00 -100.00
 250    39.521 57128.57169755 47.27  85.696385  25.510307  0.909 -100.00 -100.00 -100.00
 251    39.229 57138.48733452 39.35  85.693572  25.515576 22.521 -100.00 -100.00 -100.00
 251    39.499 57138.48733511 39.46  85.694713  25.513135  5.125 -100.00 -100.00 -100.00
 251    39.339 57138.48733570 40.36  85.695854  25.510695 24.503 -100.00 -100.00 -100.00
 252    39.287 57148.40296932 37.13  85.694708  25.515715 14.284 -100.00 -100.00 -100.00
 252    39.216 57148.40296991 35.84  85.695849  25.513275  8.675 -100.00 -100.00 -100.00
 252    39.566 57148.40297050 34.22  85.696989  25.510835   -100 -100.00 -100.00 -100.00
 253    39.114 57158.31860171 32.84  85.697986  25.516572   -100 -100.00 -100.00 -100.00
 253    39.141 57158.31860230 33.44  85.699127  25.514132   -100 -100.00 -100.00 -100.00
 254    39.172 57168.23424976 32.20  85.697219  25.517692   -100 -100.00 -100.00 -100.00
 254    39.047 57168.23425035 31.71  85.698360  25.515252   -100 -100.00 -100.00 -100.00
 254    39.398 57168.23425094 34.44  85.699501  25.512812   -100 -100.00 -100.00 -100.00
 255    39.562 57178.14990587 35.57  85.694035  25.517882   -100 -100.00 -100.00 -100.00
 255    39.831 57178.14990646 38.43  85.695176  25.515442 27.667 -100.00 -100.00 -100.00
 255    39.379 57178.14990705 40.10  85.696317  25.513001   -100 -100.00 -100.00 -100.00
 255    39.411 57178.14990764 44.34  85.697458  25.510561   -100 -100.00 -100.00 -100.00
 256    39.036 57188.06555878 39.28  85.692778  25.514194 11.908 -100.00 -100.00 -100.00
 256    39.086 57188.06555937 40.33  85.693919  25.511754 18.897 -100.00 -100.00 -100.00
 256    39.449 57188.06555996 40.99  85.695060  25.509314   -100 -100.00 -100.00 -100.00
 257    39.310 57197.98120689 39.17  85.691134  25.513326   -100 -100.00 -100.00 -100.00
 257    40.154 57197.98120748 39.24  85.692275  25.510886 23.669 -100.00 -100.00 -100.00
 257    39.784 57197.98120807 42.27  85.693415  25.508446   -100 -100.00 -100.00 -100.00
 258    41.542 57207.89684157 38.89  85.691549  25.510906  0.649 -100.00 -100.00 -100.00
 258    41.865 57207.89684216 35.33  85.692690  25.508465   -100 -100.00 -100.00 -100.00
 259    42.934 57217.81248572 48.24  85.692250  25.511399   -100 -100.00 -100.00 -100.00
 259    42.764 57217.81248631 50.72  85.693391  25.508959 12.857 -100.00 -100.00 -100.00
 260    43.300 57227.72812825 51.81  85.692864  25.514487   -100 -100.00 -100.00 -100.00
 260    43.531 57227.72812884 50.91  85.694005  25.512046   -100 -100.00 -100.00 -100.00
 260    43.232 57227.72812943 48.12  85.695146  25.509606 25.480 -100.00 -100.00 -100.00
 261    44.972 57237.64376917 29.41  85.694668  25.515402 25.392 -100.00 -100.00 -100.00
 261    44.874 57237.64376976 26.73  85.695809  25.512962 16.429 -100.00 -100.00 -100.00
 261    44.891 57237.64377035 24.26  85.696950  25.510522 10.743 -100.00 -100.00 -100.00
 262    44.281 57247.55940644 26.98  85.695612  25.517646 16.772 -100.00 -100.00 -100.00
 262    44.081 57247.55940703 28.43  85.696753  25.515205 22.805 -100.00 -100.00 -100.00
 262    44.231 57247.55940762 27.56  85.697895  25.512765 19.692 -100.00 -100.00 -100.00
 263    45.982 57257.47504189 47.16  85.697409  25.517184   -100 -100.00 -100.00 -100.00
 263    46.101 57257.47504248 51.65  85.698550  25.514744   -100 -100.00 -100.00 -100.00
 263    45.756 57257.47504307 53.65  85.699691  25.512303 23.849 -100.00 -100.00 -100.00
 264    44.642 57267.39067643 30.01  85.699691  25.516632 22.400 -100.00 -100.00 -100.00
 264    44.312 57267.39067702 28.28  85.700832  25.514192 17.619 -100.00 -100.00 -100.00
 265    42.740 57277.30632333 36.07  85.699107  25.517127   -100 -100.00 -100.00 -100.00
 265    42.563 57277.30632392 38.44  85.700248  25.514687  7.892 -100.00 -100.00 -100.00
 266    41.694 57287.22197976 37.64  85.696863  25.517724   -100 -100.00 -100.00 -100.00
 266    41.838 57287.22198035 36.03  85.698004  25.515284   -100 -100.00 -100.00 -100.00
 266    41.796 57287.22198094 38.45  85.699145  25.512843   -100 -100.00 -100.00 -100.00
 267    41.676 57297.13763391 42.18  85.695547  25.515922 28.643 -100.00 -100.00 -100.00
 267    41.652 57297.13763450 45.25  85.696688  25.513481   -100 -100.00 -100.00 -100.00
 267    41.743 57297.13763509 45.61  85.697829  25.511041   -100 -100.00 -100.00 -100.00
 268    41.221 57307.05328434 37.79  85.694086  25.514398   -100 -100.00 -100.00 -100.00
 268    41.281 57307.05328493 36.78  85.695227  25.511958   -100 -100.00 -100.00 -100.00
 268    41.287 57307.05328552 34.59  85.696368  25.509518   -100 -100.00 -100.00 -100.00
 269    40.974 57316.96893094 45.01  85.692181  25.512492 29.504 -100.00 -100.00 -100.00
 269    39.899 57316.96893153 40.83  85.693322  25.510051   -100 -100.00 -100.00 -100.00
 270    39.608 57326.88457411 39.52  85.691159  25.510654  2.229 -100.00 -100.00 -100.00
 270    39.662 57326.88457470 41.13  85.692300  25.508214 28.244 -100.00 -100.00 -100.00
 271    40.452 57336.80021465 45.23  85.691688  25.511464   -100 -100.00 -100.00 -100.00
 271    39.819 57336.80021524 40.99  85.692829  25.509024  1.682 -100.00 -100.00 -100.00
 271    39.397 57336.80021702 34.29  85.696251  25.501702   -100 -100.00 -100.00 -100.00
 272    39.658 57346.71586187 45.45  85.692100  25.510908 14.304 -100.00 -100.00 -100.00
 272    39.578 57346.71586246 35.04  85.693240  25.508468   -100 -100.00 -100.00 -100.00
 273    40.488 57356.63150819 42.38  85.691266  25.512512 23.447 -100.00 -100.00 -100.00
 273    39.540 57356.63150878 43.44  85.692407  25.510072 15.313 -100.00 -100.00 -100.00
 273    39.717 57356.63150937 35.38  85.693548  25.507631   -100 -100.00 -100.00 -100.00
 273    39.332 57356.63151055 34.49  85.695829  25.502750   -100 -100.00 -100.00 -100.00
 274    39.923 57366.54715150 32.47  85.691741  25.512059   -100 -100.00 -100.00 -100.00
 274    39.385 57366.54715209 30.20  85.692882  25.509618 24.675 -100.00 -100.00 -100.00
 274    38.984 57366.54715386 30.61  85.696305  25.502297   -100 -100.00 -100.00 -100.00
 275    39.761 57376.46279172 43.10  85.692546  25.512102 29.288 -100.00 -100.00 -100.00
 275    38.973 57376.46279231 38.58  85.693687  25.509662   -100 -100.00 -100.00 -100.00
 275    38.936 57376.46279408 31.33  85.697110  25.502341 27.442 -100.00 -100.00 -100.00
 276    39.365 57386.37842974 45.58  85.693297  25.515364   -100 -100.00 -100.00 -100.00
 276    39.145 57386.37843033 44.29  85.694438  25.512924  1.832 -100.00 -100.00 -100.00
 276    38.954 57386.37843092 34.64  85.695579  25.510484   -100 -100.00 -100.00 -100.00
 277    39.294 57396.29406794 35.15  85.696108  25.516518   -100 -100.00 -100.00 -100.00
 277    38.996 57396.29406853 35.66  85.697249  25.514078   -100 -100.00 -100.00 -100.00
 277    39.012 57396.29406912 32.53  85.698390  25.511637   -100 -100.00 -100.00 -100.00
 278    38.847 57406.20970502 35.64  85.699076  25.518255   -100 -100.00 -100.00 -100.00
 278    38.803 57406.20970561 38.64  85.700216  25.515815 18.890 -100.00 -100.00 -100.00
 278    38.877 57406.20970620 30.77  85.701357  25.513375   -100 -100.00 -100.00 -100.00
 279    39.310 57416.12535536 34.78  85.697133  25.518647 27.444 -100.00 -100.00 -100.00
 279    38.844 57416.12535595 36.71  85.698274  25.516207   -100 -100.00 -100.00 -100.00
 279    39.019 57416.12535654 30.63  85.699415  25.513767   -100 -100.00 -100.00 -100.00
 280    39.239 57426.04100724 36.40  85.694943  25.516398   -100 -100.00 -100.00 -100.00
 280    38.992 57426.04100783 36.71  85.696084  25.513957  3.430 -100.00 -100.00 -100.00
 280    38.744 57426.04100842 34.92  85.697224  25.511517  5.190 -100.00 -100.00 -100.00
 281    38.851 57435.95665584 48.76  85.692584  25.514874   -100 -100.00 -100.00 -100.00
 281    38.856 57435.95665643 42.50  85.693725  25.512434 18.365 -100.00 -100.00 -100.00
 281    39.077 57435.95665702 29.72  85.694865  25.509994   -100 -100.00 -100.00 -100.00
 282    39.497 57445.87230299 39.11  85.692881  25.512077 27.653 -100.00 -100.00 -100.00
 282    38.874 57445.87230358 35.94  85.694021  25.509637  1.884 -100.00 -100.00 -100.00
 283    38.685 57455.78794818 41.42  85.692746  25.513893   -100 -100.00 -100.00 -100.00
 283    38.593 57455.78794877 41.56  85.693887  25.511453   -100 -100.00 -100.00 -100.00
 283    38.839 57455.78794936 35.38  85.695027  25.509013   -100 -100.00 -100.00 -100.00
 284    38.968 57465.70359117 33.15  85.693628  25.516052   -100 -100.00 -100.00 -100.00
 284    38.877 57465.70359176 27.35  85.694769  25.513612 27.049 -100.00 -100.00 -100.00
 284    38.749 57465.70359235 28.69  85.695909  25.511172 31.147 -100.00 -100.00 -100.00
 285    38.799 57475.61923090 28.91  85.696195  25.516017 21.422 -100.00 -100.00 -100.00
 285    38.593 57475.61923149 26.40  85.697336  25.513577 13.206 -100.00 -100.00 -100.00
 285    34.077 57475.61923208 31.51  85.698476  25.511137 31.270 -100.00 -100.00 -100.00
 286    38.667 57485.53486663 28.01  85.696722  25.518282 28.470 -100.00 -100.00 -100.00
 286    38.319 57485.53486722 27.47  85.697863  25.515842 23.779 -100.00 -100.00 -100.00
 286    38.275 57485.53486781 26.04  85.699004  25.513402 21.783 -100.00 -100.00 -100.00
 287    38.697 57495.45050042 23.43  85.698051  25.518351 19.405 -100.00 -100.00 -100.00
 287    38.379 57495.45050101 22.01  85.699192  25.515911 18.834 -100.00 -100.00 -100.00
 287    38.287 57495.45050160 20.01  85.700333  25.513471 14.341 -100.00 -100.00 -100.00
 288    37.824 57505.36613451 33.96  85.701483  25.516708  7.851 -100.00 -100.00 -100.00
 288    38.021 57505.36613510 28.34  85.702623  25.514267   -100 -100.00 -100.00 -100.00
 289    38.261 57515.28179075 27.10  85.697259  25.517011 31.727 -100.00 -100.00 -100.00
 289    38.034 57515.28179134 28.56  85.698400  25.514571   -100 -100.00 -100.00 -100.00
 289    38.223 57515.28179193 21.26  85.699541  25.512131 13.448 -100.00 -100.00 -100.00
 290    38.615 57525.19744466 28.90  85.694322  25.517925 21.972 -100.00 -100.00 -100.00
 290    38.419 57525.19744525 25.54  85.695463  25.515485 13.437 -100.00 -100.00 -100.00
 290    38.298 57525.19744584 24.29  85.696604  25.513045 11.348 -100.00 -100.00 -100.00
 290    38.358 57525.19744643 22.17  85.697745  25.510605  7.416 -100.00 -100.00 -100.00
 291    38.388 57535.11309726 25.96  85.693660  25.514435 31.459 -100.00 -100.00 -100.00
 291    38.209 57535.11309785 30.02  85.694801  25.511995   -100 -100.00 -100.00 -100.00
 291    38.478 57535.11309844 23.78  85.695942  25.509555 19.421 -100.00 -100.00 -100.00
 292    38.403 57545.02874627 35.02  85.691715  25.513516 21.005 -100.00 -100.00 -100.00
 292    38.285 57545.02874686 38.24  85.692856  25.511076   -100 -100.00 -100.00 -100.00
 292    38.182 57545.02874745 31.08  85.693997  25.508636   -100 -100.00 -100.00 -100.00
 293    38.703 57554.94439301 35.54  85.691110  25.512423   -100 -100.00 -100.00 -100.00
 293    38.478 57554.94439360 34.87  85.692251  25.509983  4.825 -100.00 -100.00 -100.00
 293    38.440 57554.94439419 30.28  85.693392  25.507543   -100 -100.00 -100.00 -100.00
 293    37.933 57554.94439537 26.31  85.695674  25.502663 26.764 -100.00 -100.00 -100.00
 294    39.661 57564.86003789 28.56  85.691884  25.512525   -100 -100.00 -100.00 -100.00
 294    39.876 57564.86003848 27.29  85.693025  25.510084 31.617 -100.00 -100.00 -100.00
 295    41.627 57574.77568200 36.57  85.693320  25.512853   -100 -100.00 -100.00 -100.00
 295    41.613 57574.77568259 43.43  85.694461  25.510413 20.344 -100.00 -100.00 -100.00
 296    44.260 57584.69132527 32.61  85.693963  25.513883 21.416 -100.00 -100.00 -100.00
 296    44.053 57584.69132586 34.68  85.695104  25.511443 30.728 -100.00 -100.00 -100.00
 297    45.177 57594.60696631 27.78  85.693749  25.515525 15.480 -100.00 -100.00 -100.00
 297    45.082 57594.60696690 26.40  85.694890  25.513085 12.043 -100.00 -100.00 -100.00
 297    44.707 57594.60696749 26.45  85.696031  25.510645 13.896 -100.00 -100.00 -100.00
