-349541.117   -12.230     0.00    0.00
-349252.661   -12.230     0.00    0.00
-348964.194   -12.230     0.00    0.00
-348675.716   -12.230     0.00    0.00
-348387.228   -12.230     0.00    0.00
-348098.730   -12.230     0.00    0.00
-347810.221   -12.230     0.00    0.00
-347521.701   -12.230     0.00    0.00
-347233.171   -12.230     0.00    0.00
-346944.630   -12.230     0.00    0.00
-346656.079   -12.230     0.00    0.00
-346367.517   -12.230     0.00    0.00
-346078.944   -12.230     0.00    0.00
-345790.361   -12.230     0.00    0.00
-345501.768   -12.230     0.00    0.00
-345213.163   -12.230     0.00    0.00
-344924.549   -12.230     0.00    0.00
-344635.923   -12.230     0.00    0.00
-344347.287   -12.230     0.00    0.00
-344058.641   -12.230     0.00    0.00
-343769.984   -12.230     0.00    0.00
-343481.316   -12.230     0.00    0.00
-343192.638   -12.230     0.00    0.00
-342903.949   -12.230     0.00    0.00
-342615.250   -12.230     0.00    0.00
-342326.540   -12.230     0.00    0.00
-342037.819   -12.230     0.00    0.00
-341749.088   -12.230     0.00    0.00
-341460.346   -12.230     0.00    0.00
-341171.594   -12.230     0.00    0.00
-340882.831   -12.230     0.00    0.00
-340594.058   -12.230     0.00    0.00
-340305.273   -12.230     0.00    0.00
-340016.479   -12.230     0.00    0.00
-339727.673   -12.230     0.00    0.00
-339438.857   -12.230     0.00    0.00
-339150.031   -12.230     0.00    0.00
-338861.193   -12.230     0.00    0.00
-338572.346   -12.230     0.00    0.00
-338283.487   -12.230     0.00    0.00
-337994.618   -12.230     0.00    0.00
-337705.738   -12.230     0.00    0.00
-337416.848   -12.230     0.00    0.00
-337127.947   -12.230     0.00    0.00
-336839.036   -12.230     0.00    0.00
-336550.113   -12.230     0.00    0.00
-336261.181   -12.230     0.00    0.00
-335972.237   -12.230     0.00    0.00
-335683.283   -12.230     0.00    0.00
-335394.318   -12.230     0.00    0.00
-335105.343   -12.230     0.00    0.00
-334816.357   -12.230     0.00    0.00
-334527.360   -12.230     0.00    0.00
-334238.353   -12.230     0.00    0.00
-333949.335   -12.230     0.00    0.00
-333660.306   -12.230     0.00    0.00
-333371.267   -12.230     0.00    0.00
-333082.217   -12.230     0.00    0.00
-332793.157   -12.230     0.00    0.00
-332504.085   -12.230     0.00    0.00
-332215.004   -12.230     0.00    0.00
-331925.911   -12.230     0.00    0.00
-331636.808   -12.230     0.00    0.00
-331347.694   -12.230     0.00    0.00
-331058.569   -12.230     0.00    0.00
-330769.434   -12.230     0.00    0.00
-330480.288   -12.230     0.00    0.00
-330191.132   -12.230     0.00    0.00
-329901.964   -12.230     0.00    0.00
-329612.786   -12.230     0.00    0.00
-329323.598   -12.230     0.00    0.00
-329034.398   -12.230     0.00    0.00
-328745.188   -12.230     0.00    0.00
-328455.968   -12.230     0.00    0.00
-328166.736   -12.230     0.00    0.00
-327877.494   -12.230     0.00    0.00
-327588.241   -12.230     0.00    0.00
-327298.978   -12.230     0.00    0.00
-327009.704   -12.230     0.00    0.00
-326720.419   -12.230     0.00    0.00
-326431.123   -12.230     0.00    0.00
-326141.817   -12.230     0.00    0.00
-325852.500   -12.230     0.00    0.00
-325563.172   -12.230     0.00    0.00
-325273.834   -12.230     0.00    0.00
-324984.485   -12.230     0.00    0.00
-324695.125   -12.230     0.00    0.00
-324405.754   -12.230     0.00    0.00
-324116.373   -12.230     0.00    0.00
-323826.981   -12.230     0.00    0.00
-323537.578   -12.230     0.00    0.00
-323248.165   -12.230     0.00    0.00
-322958.741   -12.230     0.00    0.00
-322669.306   -12.230     0.00    0.00
-322379.860   -12.230     0.00    0.00
-322090.404   -12.230     0.00    0.00
-321800.937   -12.230     0.00    0.00
-321511.459   -12.230     0.00    0.00
-321221.970   -12.230     0.00    0.00
-320932.471   -12.230     0.00    0.00
-320642.961   -12.230     0.00    0.00
-320353.440   -12.230     0.00    0.00
-320063.908   -12.230     0.00    0.00
-319774.366   -12.230     0.00    0.00
-319484.813   -12.230     0.00    0.00
-319195.249   -12.230     0.00    0.00
-318905.674   -12.230     0.00    0.00
-318616.089   -12.230     0.00    0.00
-318326.493   -12.230     0.00    0.00
-318036.886   -12.230     0.00    0.00
-317747.268   -12.230     0.00    0.00
-317457.640   -12.230     0.00    0.00
-317168.001   -12.230     0.00    0.00
-316878.351   -12.230     0.00    0.00
-316588.690   -12.230     0.00    0.00
-316299.018   -12.230     0.00    0.00
-316009.336   -12.230     0.00    0.00
-315719.643   -12.230     0.00    0.00
-315429.939   -12.230     0.00    0.00
-315140.224   -12.230     0.00    0.00
-314850.499   -12.230     0.00    0.00
-314560.762   -12.230     0.00    0.00
-314271.015   -12.230     0.00    0.00
-313981.258   -12.230     0.00    0.00
-313691.489   -12.230     0.00    0.00
-313401.709   -12.230     0.00    0.00
-313111.919   -12.230     0.00    0.00
-312822.118   -12.230     0.00    0.00
-312532.306   -12.230     0.00    0.00
-312242.484   -12.230     0.00    0.00
-311952.650   -12.230     0.00    0.00
-311662.806   -12.230     0.00    0.00
-311372.951   -12.230     0.00    0.00
-311083.085   -12.230     0.00    0.00
-310793.208   -12.230     0.00    0.00
-310503.605   -12.230     0.00    0.00
-310216.029   -12.230     0.00    0.00
-309928.442   -12.230     0.00    0.00
-309640.845   -12.230     0.00    0.00
-309353.237   -12.230     0.00    0.00
-309065.619   -12.230     0.00    0.00
-308777.989   -12.230     0.00    0.00
-308490.349   -12.230     0.00    0.00
-308202.699   -12.230     0.00    0.00
-307915.038   -12.230     0.00    0.00
-307627.366   -12.230     0.00    0.00
-307339.684   -12.230     0.00    0.00
-307051.991   -12.230     0.00    0.00
-306764.287   -12.230     0.00    0.00
-306476.572   -12.230     0.00    0.00
-306188.847   -12.230     0.00    0.00
-305901.112   -12.230     0.00    0.00
-305613.365   -12.230     0.00    0.00
-305325.608   -12.230     0.00    0.00
-305037.841   -12.230     0.00    0.00
-304750.062   -12.230     0.00    0.00
-304462.273   -12.230     0.00    0.00
-304174.474   -12.230     0.00    0.00
-303886.663   -12.230     0.00    0.00
-303598.842   -12.230     0.00    0.00
-303311.011   -12.230     0.00    0.00
-303023.168   -12.230     0.00    0.00
-302735.315   -12.230     0.00    0.00
-302447.451   -12.230     0.00    0.00
-302159.577   -12.230     0.00    0.00
-301871.692   -12.230     0.00    0.00
-301583.796   -12.230     0.00    0.00
-301295.890   -12.230     0.00    0.00
-301007.972   -12.230     0.00    0.00
-300720.045   -12.230     0.00    0.00
-300432.106   -12.230     0.00    0.00
-300144.157   -12.230     0.00    0.00
-299856.197   -12.230     0.00    0.00
-299568.226   -12.230     0.00    0.00
-299280.245   -12.230     0.00    0.00
-298992.253   -12.230     0.00    0.00
-298704.250   -12.230     0.00    0.00
-298416.236   -12.230     0.00    0.00
-298128.212   -12.230     0.00    0.00
-297840.177   -12.230     0.00    0.00
-297552.132   -12.230     0.00    0.00
-297264.075   -12.230     0.00    0.00
-296976.008   -12.230     0.00    0.00
-296687.930   -12.230     0.00    0.00
-296399.842   -12.230     0.00    0.00
-296111.743   -12.230     0.00    0.00
-295823.633   -12.230     0.00    0.00
-295535.512   -12.230     0.00    0.00
-295247.380   -12.230     0.00    0.00
-294959.238   -12.230     0.00    0.00
-294671.085   -12.230     0.00    0.00
-294382.922   -12.230     0.00    0.00
-294094.747   -12.230     0.00    0.00
-293806.562   -12.230     0.00    0.00
-293518.366   -12.230     0.00    0.00
-293230.159   -12.230     0.00    0.00
-292941.942   -12.230     0.00    0.00
-292653.714   -12.230     0.00    0.00
-292365.475   -12.230     0.00    0.00
-292077.225   -12.230     0.00    0.00
-291788.965   -12.230     0.00    0.00
-291500.694   -12.230     0.00    0.00
-291212.412   -12.230     0.00    0.00
-290924.119   -12.230     0.00    0.00
-290635.815   -12.230     0.00    0.00
-290347.501   -12.230     0.00    0.00
-290059.176   -12.230     0.00    0.00
-289770.840   -12.230     0.00    0.00
-289482.494   -12.230     0.00    0.00
-289194.136   -12.230     0.00    0.00
-288905.768   -12.230     0.00    0.00
-288617.389   -12.230     0.00    0.00
-288329.000   -12.230     0.00    0.00
-288040.599   -12.230     0.00    0.00
-287752.188   -12.230     0.00    0.00
-287463.766   -12.230     0.00    0.00
-287175.333   -12.230     0.00    0.00
-286886.889   -12.230     0.00    0.00
-286598.435   -12.230     0.00    0.00
-286309.969   -12.230     0.00    0.00
-286021.493   -12.230     0.00    0.00
-285733.007   -12.230     0.00    0.00
-285444.509   -12.230     0.00    0.00
-285156.000   -12.230     0.00    0.00
-284867.481   -12.230     0.00    0.00
-284578.951   -12.230     0.00    0.00
-284290.410   -12.230     0.00    0.00
-284001.858   -12.230     0.00    0.00
-283713.296   -11.480     2.60    2.46
-283424.722   -11.101     1.31    2.61
-283136.138   -10.721     1.31    2.67
-282847.543   -10.359     1.26    2.63
-282558.937   -10.214     0.50    2.47
-282270.321    -9.922     1.01    2.34
-281981.693    -9.674     0.86    2.09
-281693.055    -9.803    -0.45    1.27
-281404.406    -9.836    -0.11    1.26
-281115.746    -9.697     0.48    1.30
-280827.075    -9.308     1.35    1.40
-280538.393    -9.105     0.70    1.30
-280249.701    -9.042     0.22    1.23
-279960.997    -8.849     0.67    1.22
-279672.283    -8.826     0.08    1.25
-279383.558    -9.277    -1.56    1.64
-279094.822   -10.027    -2.59    1.87
-278806.075   -10.595    -1.97    1.84
-278517.318   -11.245    -2.25    1.67
-278228.549   -11.681    -1.51    1.41
-277939.770   -12.068    -1.34    0.91
-277650.979   -12.230    -0.56    0.00
-277362.178   -12.230     0.00    0.00
-277073.366   -12.023     0.71    0.97
-276784.544   -11.642     1.32    1.51
-276495.710   -11.294     1.21    1.85
-276206.865   -10.665     2.18    2.25
-275918.010   -10.386     0.97    2.26
-275629.143    -9.810     1.99    2.46
-275340.266    -9.359     1.56    2.49
-275051.378    -8.902     1.58    2.51
-274762.479    -8.642     0.90    2.39
-274473.569    -8.325     1.10    2.29
-274184.649    -8.373    -0.16    2.20
-273895.717    -8.262     0.38    2.04
-273606.774    -8.359    -0.33    1.95
-273317.821    -8.386    -0.09    1.88
-273028.857    -8.531    -0.50    1.95
-272739.881    -8.542    -0.04    1.88
-272450.895    -8.738    -0.68    1.92
-272161.898    -8.574     0.57    1.75
-271872.890    -8.617    -0.15    1.68
-271583.872    -8.614     0.01    1.65
-271294.842    -8.896    -0.98    1.47
-271005.801    -8.698     0.68    1.32
-270716.750    -8.853    -0.53    1.42
-270427.687    -8.530     1.12    1.41
-270138.614    -8.558    -0.10    1.41
-269849.529    -8.620    -0.22    1.42
-269560.434    -8.614     0.02    1.38
-269271.328    -8.337     0.96    1.32
-268982.211    -8.165     0.60    1.29
-268693.083    -8.246    -0.28    1.27
-268403.944    -8.181     0.22    1.21
-268114.794    -8.214    -0.11    1.32
-267825.633    -8.071     0.49    1.19
-267536.461    -8.414    -1.19    1.57
-267247.278    -8.912    -1.72    1.87
-266958.085    -9.721    -2.80    2.13
-266668.880   -10.020    -1.03    2.30
-266379.665   -10.355    -1.16    2.24
-266090.438   -10.293     0.21    2.17
-265801.201   -10.384    -0.31    2.06
-265511.952   -10.181     0.70    2.02
-265222.693    -9.730     1.56    1.92
-264933.423    -9.579     0.52    1.90
-264644.141    -9.452     0.44    1.79
-264354.849    -9.480    -0.10    2.04
-264065.546    -9.402     0.27    2.15
-263776.232    -9.515    -0.39    2.11
-263486.907    -9.584    -0.24    2.10
-263197.571    -9.357     0.79    2.10
-262908.224    -9.536    -0.62    1.95
-262618.865    -9.198     1.17    1.91
-262329.496    -9.007     0.66    1.67
-262040.116    -9.023    -0.05    1.46
-261750.725    -8.817     0.71    1.53
-261461.324    -8.665     0.52    1.64
-261171.911    -8.520     0.50    1.64
-260882.487    -8.611    -0.31    1.64
-260593.052    -8.636    -0.09    1.72
-260303.606    -8.527     0.38    1.62
-260014.149    -8.420     0.37    1.49
-259724.681    -8.480    -0.21    1.48
-259435.202    -8.663    -0.63    1.37
-259145.712    -9.023    -1.24    1.69
-258856.211    -9.199    -0.61    1.74
-258566.699    -9.355    -0.54    1.78
-258277.176    -9.388    -0.12    1.75
-257987.643    -9.573    -0.64    1.83
-257698.098    -9.646    -0.25    1.91
-257408.542    -9.527     0.41    1.89
-257118.975    -9.553    -0.09    1.86
-256829.397    -9.542     0.04    1.91
-256539.808    -9.584    -0.14    2.06
-256250.208    -9.722    -0.48    2.17
-255960.597    -9.863    -0.49    2.44
-255670.975   -10.167    -1.05    2.37
-255381.342   -10.076     0.32    2.42
-255091.697    -9.917     0.55    2.48
-254802.042    -9.684     0.80    2.46
-254512.376    -9.214     1.62    2.38
-254222.699    -8.780     1.50    2.17
-253933.011    -8.792    -0.04    1.94
-253643.311    -8.639     0.53    2.06
-253353.601    -8.558     0.28    2.30
-253063.879    -8.972    -1.43    2.45
-252774.147    -9.166    -0.67    2.73
-252484.404    -9.463    -1.02    2.78
-252194.649    -9.547    -0.29    2.78
-251904.883    -9.730    -0.63    2.76
-251615.107    -9.714     0.05    2.75
-251325.319    -9.715    -0.00    2.47
-251035.520    -9.665     0.17    2.28
-250745.710    -9.346     1.10    2.31
-250455.889    -8.896     1.55    2.34
-250166.058    -8.351     1.88    2.29
-249876.214    -8.137     0.74    2.10
-249586.360    -7.871     0.92    2.17
-249296.495    -7.589     0.97    2.19
-249006.619    -7.463     0.43    2.29
-248716.732    -7.495    -0.11    2.29
-248426.833    -7.460     0.12    2.29
-248138.654    -7.384     0.27    2.27
-247851.105    -7.322     0.21    2.13
-247563.546    -7.261     0.21    1.89
-247275.976    -7.380    -0.41    1.45
-246988.394    -7.464    -0.29    1.35
-246700.802    -7.344     0.42    1.25
-246413.200    -7.511    -0.58    1.24
-246125.586    -7.307     0.71    1.41
-245837.961    -7.484    -0.62    1.40
-245550.326    -7.552    -0.24    1.46
-245262.679    -7.667    -0.40    1.53
-244975.022    -7.896    -0.80    1.56
-244687.354    -8.089    -0.67    1.76
-244399.674    -8.442    -1.23    1.79
-244111.984    -8.676    -0.81    1.86
-243824.283    -8.922    -0.86    1.86
-243536.571    -8.960    -0.13    1.74
-243248.849    -9.096    -0.47    1.80
-242961.115    -9.165    -0.24    1.85
-242673.370    -9.411    -0.86    2.01
-242385.615    -9.323     0.31    2.01
-242097.848    -9.349    -0.09    2.08
-241810.071    -9.386    -0.13    2.15
-241522.283    -9.396    -0.04    2.09
-241234.483    -9.402    -0.02    2.06
-240946.673    -9.136     0.92    1.83
-240658.852    -8.714     1.47    1.54
-240371.020    -8.553     0.56    1.31
-240083.177    -8.448     0.36    1.11
-239795.323    -8.426     0.08    1.19
-239507.458    -8.230     0.68    1.36
-239219.583    -8.133     0.34    1.38
-238931.696    -8.039     0.33    1.29
-238643.798    -8.107    -0.23    1.33
-238355.889    -8.325    -0.76    1.36
-238067.970    -8.753    -1.49    3.07
-237780.039    -9.167    -1.44    3.03
-237492.098    -9.363    -0.68    3.11
-237204.145    -9.436    -0.25    3.09
-236916.182    -9.291     0.50    3.11
-236628.208    -9.168     0.43    3.15
-236340.222    -9.030     0.48    3.14
-236052.226    -8.531     1.73    1.71
-235764.219    -8.213     1.10    1.43
-235476.201    -8.388    -0.61    1.72
-235188.171    -8.457    -0.24    1.75
-234900.131    -8.445     0.04    1.82
-234612.080    -8.507    -0.21    1.77
-234324.018    -8.468     0.13    1.84
-234035.945    -8.646    -0.62    1.66
-233747.861    -8.488     0.55    1.51
-233459.766    -8.245     0.84    1.19
-233171.660    -8.464    -0.76    1.22
-232883.543    -8.368     0.33    1.20
-232595.415    -8.375    -0.02    1.19
-232307.275    -8.439    -0.22    1.20
-232019.125    -8.480    -0.14    1.33
-231730.964    -8.439     0.14    1.34
-231442.792    -8.375     0.22    1.17
-231154.609    -8.388    -0.05    1.32
-230866.415    -8.579    -0.66    1.37
-230578.210    -8.531     0.17    1.38
-230289.994    -8.515     0.06    1.21
-230001.767    -8.601    -0.30    1.32
-229713.529    -8.674    -0.25    1.29
-229425.280    -8.714    -0.14    1.22
-229137.020    -8.515     0.69    1.29
-228848.749    -8.355     0.56    1.21
-228560.467    -8.181     0.60    1.35
-228272.174    -7.976     0.71    1.46
-227983.869    -7.785     0.66    1.37
-227695.554    -7.753     0.11    1.44
-227407.228    -7.753     0.00    1.50
-227118.891    -7.674     0.27    1.46
-226830.542    -7.531     0.50    1.55
-226542.183    -7.579    -0.17    1.46
-226253.813    -7.488     0.32    1.54
-225965.431    -7.601    -0.39    1.53
-225677.039    -7.667    -0.23    1.46
-225388.635    -7.817    -0.52    1.62
-225100.221    -8.011    -0.67    1.77
-224811.795    -8.214    -0.70    1.82
-224523.358    -8.165     0.17    1.96
-224234.911    -8.133     0.11    2.13
-223946.452    -8.214    -0.28    2.29
-223657.982    -8.245    -0.11    2.36
-223369.501    -8.198     0.16    2.28
-223081.009    -7.656     1.88    2.28
-222792.506    -7.346     1.07    2.08
-222503.992    -7.131     0.75    1.99
-222215.467    -7.230    -0.34    1.74
-221926.931    -6.980     0.87    1.92
-221638.384    -6.860     0.41    1.88
-221349.825    -7.068    -0.72    1.93
-221061.256    -7.377    -1.07    1.96
-220772.675    -7.584    -0.72    1.84
-220484.084    -7.626    -0.15    1.77
-220195.481    -7.792    -0.57    1.68
-219906.867    -8.060    -0.93    1.44
-219618.242    -8.246    -0.64    1.35
-219329.606    -8.052     0.67    1.27
-219040.959    -8.060    -0.03    1.17
-218752.301    -8.055     0.02    1.19
-218463.632    -8.007     0.16    1.21
-218174.952    -7.968     0.14    1.22
-217886.260    -7.849     0.41    1.28
-217597.558    -7.801     0.16    1.34
-217308.844    -7.808    -0.02    1.41
-217020.119    -7.623     0.64    1.32
-216731.384    -7.542     0.28    1.36
-216442.637    -7.491     0.18    1.28
-216153.878    -7.323     0.58    1.32
-215865.109    -7.182     0.49    1.34
-215576.329    -7.183    -0.00    1.52
-215287.538    -7.146     0.13    1.57
-214998.735    -7.091     0.19    1.52
-214709.921    -6.896     0.67    1.45
-214421.097    -6.860     0.12    1.38
-214132.261    -6.836     0.09    1.33
-213843.414    -6.960    -0.43    1.26
-213554.555    -7.113    -0.53    1.32
-213265.686    -6.923     0.66    1.46
-212976.806    -7.021    -0.34    1.50
-212687.914    -7.184    -0.57    1.50
-212399.011    -7.155     0.10    1.71
-212110.097    -7.068     0.30    1.82
-211821.172    -7.063     0.02    1.80
-211532.236    -7.214    -0.52    1.64
-211243.289    -7.381    -0.58    1.52
-210954.330    -7.351     0.10    1.48
-210665.361    -7.381    -0.10    1.38
-210376.380    -7.417    -0.12    1.18
-210087.388    -7.463    -0.16    1.18
-209798.385    -7.402     0.21    1.28
-209509.370    -7.433    -0.11    1.30
-209220.345    -7.537    -0.36    1.35
-208931.308    -7.476     0.21    1.43
-208642.261    -7.448     0.09    1.47
-208353.202    -7.380     0.24    1.38
-208064.131    -7.448    -0.24    1.43
-207775.050    -7.611    -0.56    1.52
-207485.958    -7.579     0.11    1.48
-207196.854    -7.676    -0.34    1.52
-206907.739    -7.944    -0.93    1.40
-206618.613    -8.103    -0.55    1.35
-206329.476    -8.042     0.21    1.53
-206040.327    -7.891     0.52    1.56
-205751.168    -8.134    -0.84    1.66
-205461.997    -8.014     0.42    1.72
-205172.815    -8.042    -0.10    1.84
-204883.622    -8.357    -1.09    1.91
-204594.417    -8.455    -0.34    1.91
-204305.202    -8.584    -0.45    1.69
-204015.975    -8.658    -0.25    1.65
-203726.737    -8.568     0.31    1.58
-203437.488    -8.706    -0.48    1.51
-203148.227    -8.761    -0.19    1.52
-202858.956    -8.468     1.01    1.55
-202569.673    -8.180     0.99    1.76
-202280.379    -7.907     0.94    1.65
-201991.073    -8.030    -0.42    1.72
-201701.757    -8.011     0.06    1.71
-201412.429    -7.976     0.12    1.77
-201123.090    -8.052    -0.26    1.80
-200833.740    -8.310    -0.89    1.62
-200544.378    -8.310     0.00    1.58
-200255.006    -8.343    -0.11    1.62
-199965.622    -8.339     0.01    1.53
-199676.227    -8.341    -0.01    1.45
-199386.820    -8.277     0.22    1.36
-199097.403    -8.007     0.93    1.50
-198807.974    -7.923     0.29    1.50
-198518.534    -8.020    -0.33    1.45
-198229.082    -8.183    -0.56    1.41
-197939.620    -8.325    -0.49    1.51
-197650.146    -8.484    -0.55    1.47
-197360.661    -8.801    -1.10    1.15
-197071.164    -9.004    -0.70    1.42
-196781.657    -8.880     0.43    1.49
-196492.138    -8.999    -0.41    1.51
-196202.608    -9.087    -0.30    1.62
-195913.066    -9.105    -0.06    1.66
-195623.513    -8.988     0.40    1.59
-195333.949    -9.099    -0.38    1.44
-195044.374    -9.309    -0.73    1.44
-194754.788    -9.199     0.38    1.42
-194465.190    -9.214    -0.05    1.39
-194175.581    -9.048     0.57    1.25
-193885.960    -9.087    -0.13    1.29
-193596.329    -9.013     0.25    1.34
-193306.686    -8.933     0.28    1.39
-193017.032    -8.775     0.54    1.44
-192727.366    -8.823    -0.17    1.43
-192437.689    -8.639     0.64    1.51
-192148.001    -8.433     0.71    1.56
-191858.302    -8.330     0.36    1.56
-191568.591    -8.355    -0.09    1.53
-191278.869    -8.457    -0.35    1.64
-190989.136    -8.476    -0.07    1.73
-190699.391    -8.513    -0.13    1.70
-190409.635    -8.620    -0.37    1.71
-190119.868    -8.830    -0.72    1.53
-189830.089    -8.761     0.24    1.72
-189540.299    -8.605     0.54    1.79
-189250.498    -8.336     0.93    1.69
-188960.686    -7.842     1.70    1.69
-188670.862    -7.839     0.01    1.58
-188381.027    -7.846    -0.03    1.63
-188091.180    -7.933    -0.30    1.57
-187801.322    -8.027    -0.32    1.53
-187511.453    -7.948     0.27    1.56
-187221.573    -8.060    -0.39    1.60
-186931.681    -8.076    -0.05    1.57
-186641.778    -7.996     0.27    1.62
-186351.863    -7.870     0.43    1.57
-186062.750    -7.865     0.02    1.48
-185775.251    -8.042    -0.62    1.46
-185487.742    -8.230    -0.65    1.38
-185200.221    -8.150     0.28    1.48
-184912.689    -8.182    -0.11    1.43
-184625.146    -8.137     0.16    1.42
-184337.591    -8.197    -0.21    1.54
-184050.026    -8.293    -0.33    1.60
-183762.449    -8.307    -0.05    1.61
-183474.862    -8.355    -0.17    1.52
-183187.263    -8.558    -0.71    1.50
-182899.653    -8.642    -0.29    1.38
-182612.032    -8.730    -0.30    1.42
-182324.400    -8.601     0.45    1.32
-182036.756    -8.630    -0.10    1.47
-181749.102    -8.568     0.21    1.56
-181461.436    -8.522     0.16    1.63
-181173.759    -8.681    -0.55    1.59
-180886.071    -8.617     0.22    1.65
-180598.372    -8.484     0.46    1.68
-180310.661    -8.277     0.72    1.60
-180022.940    -7.976     1.05    1.51
-179735.207    -8.027    -0.18    1.69
-179447.463    -8.004     0.08    1.55
-179159.708    -8.020    -0.06    1.64
-178871.941    -8.375    -1.23    1.72
-178584.164    -8.681    -1.06    1.71
-178296.375    -9.103    -1.46    1.70
-178008.576    -9.136    -0.12    1.66
-177720.765    -9.402    -0.92    1.62
-177432.942    -9.484    -0.29    1.54
-177145.109    -9.359     0.43    1.60
-176857.264    -9.499    -0.49    1.55
-176569.409    -9.325     0.61    1.50
-176281.542    -9.325     0.00    1.58
-175993.663    -9.341    -0.06    1.57
-175705.774    -9.468    -0.44    1.46
-175417.873    -9.359     0.38    1.30
-175129.962    -9.384    -0.09    1.37
-174842.039    -9.584    -0.70    1.37
-174554.104    -9.801    -0.75    1.38
-174266.159    -9.922    -0.42    1.32
-173978.202    -9.761     0.56    1.48
-173690.234    -9.167     2.06    2.14
-173402.255    -9.323    -0.54    2.36
-173114.265    -9.513    -0.66    2.52
-172826.264    -9.902    -1.35    2.62
-172538.251   -10.230    -1.14    2.72
-172250.227   -10.636    -1.41    2.59
-171962.192   -11.260    -2.17    2.24
-171674.145   -12.007    -2.59    0.96
-171386.087   -11.980     0.10    1.02
-171098.019   -11.683     1.03    1.38
-170809.938   -11.464     0.76    1.54
-170521.847   -11.336     0.45    1.49
-170233.744   -10.953     1.33    1.69
-169945.630   -10.652     1.05    1.79
-169657.505   -10.330     1.12    1.80
-169369.369   -10.120     0.73    1.88
-169081.221   -10.181    -0.21    1.91
-168793.062   -10.167     0.05    1.94
-168504.892   -10.260    -0.32    1.93
-168216.711   -10.339    -0.27    2.02
-167928.518   -10.563    -0.78    2.05
-167640.314   -10.886    -1.12    1.90
-167352.099   -10.830     0.20    2.04
-167063.872   -10.707     0.43    2.02
-166775.635   -10.684     0.08    1.99
-166487.386   -10.730    -0.16    2.02
-166199.125   -10.652     0.27    1.98
-165910.854   -10.527     0.43    2.11
-165622.571   -10.563    -0.13    2.09
-165334.277   -10.558     0.02    2.19
-165045.972   -10.522     0.12    2.27
-164757.655   -10.684    -0.56    2.23
-164469.327   -10.676     0.03    2.23
-164180.988   -10.459     0.75    2.49
-163892.637   -10.312     0.51    2.47
-163604.275   -10.150     0.56    2.38
-163315.902   -10.402    -0.87    2.00
-163027.518   -10.402     0.00    1.90
-162739.122   -10.245     0.54    1.86
-162450.715   -10.198     0.16    1.66
-162162.296   -10.294    -0.33    1.48
-161873.867   -10.515    -0.77    1.59
-161585.426   -10.309     0.72    1.86
-161296.973   -10.357    -0.17    1.92
-161008.510   -10.660    -1.05    1.72
-160720.035   -10.855    -0.67    1.81
-160431.549   -10.891    -0.13    1.86
-160143.051   -10.836     0.19    2.34
-159854.542   -10.880    -0.15    2.20
-159566.022   -10.964    -0.29    1.73
-159277.491   -10.948     0.05    1.79
-158988.948   -10.753     0.68    1.77
-158700.393   -10.420     1.15    1.88
-158411.828   -10.165     0.88    1.93
-158123.251   -10.030     0.47    1.97
-157834.663   -10.150    -0.42    2.00
-157546.063    -9.886     0.92    2.21
-157257.452    -9.122     2.65    2.87
-156968.830    -8.448     2.33    3.14
-156680.197    -7.826     2.15    3.57
-156391.552    -7.183     2.23    3.98
-156102.895    -6.476     2.45    4.12
-155814.228    -5.399     3.73    4.20
-155525.549    -4.660     2.56    3.82
-155236.859    -4.402     0.90    3.45
-154948.157    -4.370     0.11    3.19
-154659.444    -4.667    -1.03    2.82
-154370.719    -4.913    -0.85    2.87
-154081.984    -5.542    -2.18    2.66
-153793.236    -6.215    -2.33    2.46
-153504.478    -6.578    -1.26    2.59
-153215.708    -6.987    -1.42    2.56
-152926.927    -7.152    -0.57    2.65
-152638.134    -7.230    -0.27    2.62
-152349.330    -6.995     0.81    2.62
-152060.515    -7.063    -0.23    2.61
-151771.688    -6.589     1.64    2.55
-151482.850    -6.821    -0.80    2.54
-151194.000    -6.995    -0.60    2.57
-150905.139    -7.596    -2.08    2.31
-150616.267    -8.245    -2.25    2.27
-150327.383    -8.620    -1.30    2.48
-150038.488    -8.683    -0.22    2.84
-149749.581    -8.922    -0.83    3.18
-149460.663    -8.896     0.09    3.63
-149171.734    -9.391    -1.71    3.70
-148882.793    -8.674     2.48    3.93
-148593.841    -8.531     0.49    3.62
-148304.877    -8.039     1.70    3.48
-148015.902    -7.730     1.07    3.35
-147726.916    -7.359     1.28    3.42
-147437.918    -6.810     1.90    3.25
-147148.909    -6.417     1.36    3.11
-146859.888    -6.584    -0.58    3.19
-146570.856    -6.452     0.46    3.20
-146281.812    -6.027     1.47    3.34
-145992.757    -5.830     0.68    3.44
-145703.691    -5.642     0.65    3.43
-145414.613    -5.649    -0.02    3.37
-145125.524    -4.912     2.55    3.28
-144836.423    -4.886     0.09    3.03
-144547.311    -4.792     0.32    2.87
-144258.188    -4.414     1.31    3.25
-143969.053    -4.547    -0.46    3.25
-143679.906    -4.649    -0.35    3.28
-143390.748    -4.866    -0.75    3.45
-143101.579    -5.150    -0.98    3.60
-142812.398    -5.198    -0.16    3.57
-142523.206    -5.722    -1.81    3.60
-142234.002    -5.605     0.41    3.55
-141944.787    -5.165     1.52    3.45
-141655.560    -5.089     0.26    3.53
-141366.322    -5.049     0.14    3.50
-141077.072    -5.214    -0.57    3.44
-140787.811    -5.522    -1.06    3.29
-140498.539    -5.417     0.36    3.44
-140209.255    -5.626    -0.72    3.38
-139919.959    -6.073    -1.54    3.45
-139630.652    -5.596     1.65    3.54
-139341.334    -5.799    -0.70    3.46
-139052.004    -5.553     0.85    3.25
-138762.663    -5.948    -1.37    3.12
-138473.310    -5.995    -0.16    3.13
-138183.945    -6.152    -0.54    3.07
-137894.569    -6.346    -0.67    2.80
-137605.182    -6.507    -0.55    2.55
-137315.783    -6.630    -0.43    2.44
-137026.373    -7.076    -1.54    2.31
-136736.951    -7.076     0.00    2.24
-136447.518    -7.042     0.12    2.22
-136158.073    -7.280    -0.82    2.12
-135868.616    -7.325    -0.16    2.28
-135579.148    -7.199     0.43    2.28
-135289.669    -6.775     1.47    2.54
-135000.178    -6.430     1.19    2.54
-134710.676    -6.294     0.47    2.73
-134421.162    -6.633    -1.17    2.66
-134131.636    -6.658    -0.09    2.75
-133842.099    -6.683    -0.08    2.86
-133552.551    -6.573     0.38    3.10
-133262.991    -6.667    -0.32    3.01
-132973.419    -6.944    -0.96    3.08
-132683.836    -6.992    -0.16    2.96
-132394.241    -6.746     0.85    3.02
-132104.635    -6.801    -0.19    2.87
-131815.018    -7.107    -1.05    2.80
-131525.388    -7.150    -0.15    2.76
-131235.748    -7.120     0.10    2.64
-130946.095    -6.917     0.70    2.78
-130656.431    -6.721     0.68    2.80
-130366.756    -6.839    -0.41    3.06
-130077.069    -7.107    -0.92    2.85
-129787.370    -7.291    -0.64    2.85
-129497.660    -7.427    -0.47    2.73
-129207.939    -7.042     1.33    3.10
-128918.205    -6.713     1.14    3.20
-128628.461    -6.620     0.32    3.27
-128338.704    -6.336     0.98    3.29
-128048.936    -6.048     0.99    3.31
-127759.157    -5.991     0.20    3.38
-127469.366    -6.552    -1.94    3.25
-127179.563    -7.413    -2.97    2.51
-126889.749    -7.698    -0.98    2.09
-126599.923    -7.767    -0.24    2.06
-126310.086    -7.972    -0.71    2.02
-126020.237    -8.155    -0.63    1.96
-125730.376    -8.107     0.17    2.02
-125440.504    -8.263    -0.54    2.08
-125150.620    -8.399    -0.47    2.10
-124860.725    -8.730    -1.14    1.98
-124570.818    -8.527     0.70    1.90
-124280.900    -8.048     1.65    2.30
-123990.970    -7.553     1.71    2.94
-123703.323    -7.826    -0.95    3.16
-123415.849    -7.866    -0.14    3.29
-123128.365    -7.134     2.54    3.72
-122840.869    -6.499     2.21    4.08
-122553.361    -5.817     2.37    4.11
-122265.842    -5.948    -0.46    4.31
-121978.312    -6.214    -0.92    4.44
-121690.770    -5.769     1.55    4.37
-121403.217    -6.165    -1.38    4.69
-121115.653    -7.386    -4.24    4.54
-120828.077    -7.761    -1.30    4.23
-120540.490    -8.355    -2.06    3.44
-120252.891    -8.294     0.21    3.15
-119965.281    -8.310    -0.06    2.72
-119677.660    -7.870     1.53    2.62
-119390.027    -6.972     3.12    2.89
-119102.383    -6.341     2.19    3.20
-118814.727    -5.860     1.67    3.23
-118527.060    -5.761     0.35    3.27
-118239.382    -5.495     0.92    3.04
-117951.692    -5.605    -0.38    3.02
-117663.990    -5.380     0.78    2.98
-117376.278    -5.630    -0.87    3.01
-117088.554    -5.805    -0.61    3.02
-116800.818    -5.589     0.75    2.98
-116513.071    -5.593    -0.01    2.99
-116225.312    -5.620    -0.09    3.05
-115937.543    -5.846    -0.79    3.17
-115649.761    -5.917    -0.25    2.91
-115361.968    -6.339    -1.47    2.74
-115074.164    -6.199     0.49    2.87
-114786.349    -6.353    -0.53    2.50
-114498.521    -6.107     0.86    2.53
-114210.683    -5.963     0.50    2.48
-113922.833    -6.167    -0.71    2.42
-113634.971    -6.328    -0.56    2.42
-113347.098    -6.599    -0.94    2.24
-113059.214    -6.768    -0.59    2.19
-112771.318    -6.937    -0.59    2.12
-112483.411    -6.658     0.97    2.20
-112195.492    -6.307     1.22    2.39
-111907.562    -6.049     0.89    2.31
-111619.620    -5.999     0.18    2.36
-111331.667    -5.999     0.00    2.21
-111043.703    -6.199    -0.70    2.20
-110755.726    -6.593    -1.37    2.04
-110467.739    -7.214    -2.15    1.44
-110179.740    -7.278    -0.22    1.51
-109891.729    -6.833     1.55    1.50
-109603.707    -6.245     2.04    1.96
-109315.674    -5.730     1.79    2.20
-109027.629    -5.417     1.08    2.45
-108739.572    -5.245     0.60    2.39
-108451.504    -5.103     0.50    2.46
-108163.425    -5.373    -0.94    2.41
-107875.334    -5.658    -0.99    2.35
-107587.231    -6.168    -1.77    2.10
-107299.117    -6.351    -0.63    1.99
-107010.992    -5.722     2.18    2.66
-106722.855    -5.183     1.87    3.00
-106434.706    -4.363     2.84    3.13
-106146.546    -4.230     0.46    3.02
-105858.375    -3.907     1.12    2.99
-105570.192    -3.792     0.40    2.91
-105281.997    -3.608     0.64    2.52
-104993.791    -3.691    -0.29    2.53
-104705.574    -3.896    -0.71    2.10
-104417.344    -4.105    -0.72    1.80
-104129.104    -3.918     0.65    1.64
-103840.852    -3.866     0.18    1.67
-103552.588    -3.630     0.82    1.89
-103264.313    -3.548     0.28    2.11
-102976.026    -3.714    -0.58    2.20
-102687.728    -3.980    -0.92    2.25
-102399.418    -4.446    -1.62    2.19
-102111.096    -4.630    -0.64    1.97
-101822.763    -4.987    -1.24    1.75
-101534.419    -4.860     0.44    1.84
-101246.063    -4.753     0.37    1.80
-100957.695    -4.870    -0.41    1.60
-100669.316    -5.130    -0.90    1.20
-100380.926    -5.103     0.09    1.13
-100092.523    -5.230    -0.44    1.18
 -99804.110    -5.290    -0.21    1.16
 -99515.684    -5.337    -0.16    1.17
 -99227.247    -5.261     0.26    1.28
 -98938.799    -5.293    -0.11    1.24
 -98650.339    -4.865     1.49    1.39
 -98361.867    -4.558     1.06    1.36
 -98073.384    -4.214     1.19    1.67
 -97784.889    -4.214     0.00    1.71
 -97496.383    -3.964     0.87    1.65
 -97207.865    -3.769     0.67    1.77
 -96919.335    -3.488     0.98    2.14
 -96630.794    -3.480     0.03    2.25
 -96342.241    -3.305     0.60    2.46
 -96053.677    -3.184     0.42    2.43
 -95765.101    -2.968     0.75    2.49
 -95476.514    -2.430     1.87    2.49
 -95187.915    -2.180     0.87    2.52
 -94899.304    -1.799     1.32    2.60
 -94610.682    -1.917    -0.41    2.58
 -94322.048    -1.937    -0.07    2.48
 -94033.403    -2.014    -0.27    2.52
 -93744.746    -2.337    -1.12    2.54
 -93456.077    -2.546    -0.72    2.52
 -93167.397    -2.870    -1.12    2.42
 -92878.705    -3.230    -1.24    2.52
 -92590.001    -3.427    -0.68    2.64
 -92301.286    -3.707    -0.97    2.63
 -92012.559    -4.167    -1.60    2.21
 -91723.821    -4.198    -0.11    2.26
 -91435.071    -4.122     0.26    2.23
 -91146.309    -3.826     1.02    2.20
 -90857.536    -3.907    -0.28    2.20
 -90568.751    -4.014    -0.37    2.15
 -90279.955    -4.261    -0.85    1.85
 -89991.146    -4.011     0.87    1.94
 -89702.327    -4.105    -0.32    1.89
 -89413.495    -4.082     0.08    2.02
 -89124.652    -3.896     0.64    2.03
 -88835.797    -3.722     0.60    2.05
 -88546.931    -3.691     0.11    1.95
 -88258.053    -3.105     2.03    2.35
 -87969.163    -2.746     1.24    2.60
 -87680.262    -2.261     1.68    2.75
 -87391.349    -1.762     1.73    2.64
 -87102.424    -0.972     2.74    2.62
 -86813.488    -0.276     2.41    2.52
 -86524.540    -0.386    -0.38    2.72
 -86235.580    -0.917    -1.84    3.13
 -85946.609    -1.414    -1.72    3.05
 -85657.626    -1.443    -0.10    3.20
 -85368.632    -1.457    -0.05    3.05
 -85079.625    -1.430     0.09    2.93
 -84790.607    -1.260     0.59    2.87
 -84501.578    -0.487     2.67    2.94
 -84212.536    -0.355     0.46    3.32
 -83923.483    -0.663    -1.07    3.78
 -83634.418    -1.277    -2.12    3.76
 -83345.342    -1.334    -0.20    3.79
 -83056.254    -2.078    -2.57    3.82
 -82767.154    -2.842    -2.64    3.40
 -82478.043    -2.937    -0.33    3.00
 -82188.919    -2.913     0.08    2.91
 -81899.785    -2.922    -0.03    2.95
 -81610.638    -2.886     0.12    2.97
 -81321.480    -3.030    -0.50    2.69
 -81032.310    -2.927     0.36    2.81
 -80743.128    -2.417     1.76    2.62
 -80453.935    -1.552     2.99    2.83
 -80164.729    -1.139     1.43    2.93
 -79875.513    -1.150    -0.04    2.88
 -79586.284    -0.865     0.99    2.71
 -79297.044    -0.309     1.92    2.63
 -79007.792     0.303     2.11    2.26
 -78718.528     0.528     0.78    2.27
 -78429.253     0.675     0.51    2.30
 -78139.965     0.496    -0.62    2.43
 -77850.666     0.083    -1.43    2.69
 -77561.356    -0.011    -0.32    2.71
 -77272.033    -0.568    -1.93    2.94
 -76982.699    -1.152    -2.02    3.02
 -76693.353    -2.020    -3.00    2.81
 -76403.996    -2.291    -0.94    2.58
 -76114.626    -2.230     0.21    2.65
 -75825.245    -2.120     0.38    2.86
 -75535.852    -1.881     0.83    3.06
 -75246.448    -1.614     0.92    3.06
 -74957.032    -1.601     0.05    3.06
 -74667.603    -1.730    -0.45    3.07
 -74378.164    -1.896    -0.58    3.21
 -74088.712    -2.184    -0.99    2.97
 -73799.249    -2.260    -0.26    2.63
 -73509.773    -2.699    -1.52    2.03
 -73220.286    -2.568     0.45    1.77
 -72930.788    -2.558     0.04    1.66
 -72641.277    -2.459     0.34    1.70
 -72351.755    -2.091     1.27    2.10
 -72062.221    -1.784     1.06    2.34
 -71772.675    -1.368     1.43    2.65
 -71483.118    -0.976     1.36    2.64
 -71193.548    -0.563     1.43    2.75
 -70903.967     0.045     2.10    2.75
 -70614.374     0.598     1.91    2.43
 -70324.769     0.709     0.38    2.25
 -70035.153     0.540    -0.58    2.04
 -69745.525    -0.073    -2.12    1.78
 -69455.884    -0.230    -0.54    1.77
 -69166.233    -0.357    -0.44    2.08
 -68876.569    -0.468    -0.38    2.00
 -68586.893    -0.642    -0.60    2.03
 -68297.206    -0.886    -0.84    2.16
 -68007.507    -0.896    -0.04    2.27
 -67717.796    -1.052    -0.54    2.18
 -67428.073    -1.108    -0.19    2.00
 -67138.339    -0.923     0.64    1.95
 -66848.592    -0.547     1.30    2.30
 -66558.834     0.186     2.53    2.53
 -66269.064     0.786     2.07    2.48
 -65979.282     1.231     1.53    2.40
 -65689.488     1.770     1.86    2.46
 -65399.683     2.054     0.98    2.25
 -65109.865     1.801    -0.87    2.19
 -64820.036     1.278    -1.80    2.48
 -64530.195     1.013    -0.92    2.45
 -64240.342     0.463    -1.90    2.49
 -63950.478    -0.402    -2.98    2.19
 -63660.601    -1.013    -2.11    1.87
 -63370.713    -0.860     0.53    1.96
 -63080.812    -1.033    -0.59    1.84
 -62790.900    -1.353    -1.10    1.74
 -62500.976    -1.645    -1.01    1.81
 -62211.041    -1.917    -0.94    1.85
 -61921.093    -1.853     0.22    1.78
 -61632.448    -1.573     0.97    1.99
 -61345.021    -1.487     0.30    2.09
 -61057.583    -1.351     0.47    2.11
 -60770.133    -1.230     0.42    2.10
 -60482.672    -1.499    -0.94    2.29
 -60195.199    -1.547    -0.17    2.12
 -59907.714    -1.880    -1.16    1.74
 -59620.218    -1.658     0.77    1.89
 -59332.710    -1.184     1.65    2.20
 -59045.190    -1.048     0.47    2.16
 -58757.659    -0.999     0.17    2.33
 -58470.116    -0.769     0.80    2.10
 -58182.561    -0.738     0.11    2.13
 -57894.995    -0.902    -0.57    2.16
 -57607.417    -0.953    -0.18    2.03
 -57319.828    -1.260    -1.07    1.84
 -57032.226    -1.137     0.43    1.93
 -56744.613    -1.168    -0.11    1.91
 -56456.989    -1.066     0.36    2.05
 -56169.353    -1.105    -0.14    2.04
 -55881.705    -1.396    -1.01    2.25
 -55594.045    -2.018    -2.16    2.35
 -55306.374    -2.445    -1.49    2.07
 -55018.691    -2.821    -1.31    1.87
 -54730.997    -3.152    -1.15    1.70
 -54443.290    -3.337    -0.65    1.50
 -54155.573    -2.980     1.24    1.76
 -53867.843    -2.399     2.02    1.95
 -53580.102    -2.245     0.54    2.07
 -53292.349    -1.881     1.26    2.13
 -53004.584    -1.645     0.82    2.10
 -52716.808    -0.948     2.42    2.31
 -52429.020    -0.436     1.78    2.44
 -52141.220    -0.214     0.77    2.41
 -51853.409    -0.214    -0.00    2.34
 -51565.585     0.005     0.76    2.33
 -51277.751    -0.230    -0.81    2.46
 -50989.904    -0.558    -1.14    2.36
 -50702.046    -1.152    -2.06    2.03
 -50414.176    -1.343    -0.66    2.00
 -50126.294    -1.339     0.01    2.02
 -49838.401    -1.353    -0.05    2.06
 -49550.496    -1.445    -0.32    2.10
 -49262.579    -1.305     0.48    2.05
 -48974.650    -1.060     0.85    2.05
 -48686.710    -0.880     0.63    2.00
 -48398.758    -0.745     0.47    2.13
 -48110.794    -0.605     0.49    1.96
 -47822.819    -0.563     0.14    1.92
 -47534.832    -0.645    -0.28    1.96
 -47246.833    -0.957    -1.08    2.06
 -46958.822    -1.089    -0.46    2.00
 -46670.800    -0.980     0.38    1.84
 -46382.766    -0.730     0.87    1.84
 -46094.720    -0.722     0.03    1.87
 -45806.662    -0.593     0.45    1.76
 -45518.593    -0.399     0.67    1.82
 -45230.512    -0.307     0.32    1.96
 -44942.419    -0.353    -0.16    2.23
 -44654.314    -0.165     0.65    2.49
 -44366.198    -0.042     0.43    2.51
 -44078.070     0.052     0.33    2.50
 -43789.930     0.177     0.43    2.47
 -43501.778     0.145    -0.11    2.13
 -43213.614     0.151     0.02    1.88
 -42925.439    -0.166    -1.10    2.00
 -42637.252    -0.843    -2.35    2.29
 -42349.054    -1.308    -1.61    2.43
 -42060.843    -1.999    -2.40    1.98
 -41772.621    -2.199    -0.70    1.89
 -41484.387    -2.033     0.58    2.15
 -41196.141    -1.636     1.38    2.45
 -40907.883    -1.080     1.93    2.56
 -40619.614    -0.714     1.27    2.58
 -40331.332    -0.353     1.25    2.53
 -40043.039     0.028     1.32    2.54
 -39754.735     0.422     1.37    2.18
 -39466.418     0.467     0.16    2.05
 -39178.089     0.504     0.13    1.89
 -38889.749     0.411    -0.32    1.91
 -38601.397     0.278    -0.46    1.67
 -38313.033     0.286     0.03    1.72
 -38024.658     0.693     1.41    1.87
 -37736.270     0.848     0.54    1.90
 -37447.871     0.818    -0.11    1.96
 -37159.460     0.528    -1.01    2.10
 -36871.037     0.512    -0.05    2.10
 -36582.602     0.442    -0.24    2.15
 -36294.156     0.416    -0.09    2.25
 -36005.698     0.317    -0.34    2.14
 -35717.227     0.317     0.00    2.13
 -35428.745     0.303    -0.05    2.16
 -35140.252     0.348     0.16    2.13
 -34851.746     0.609     0.90    2.02
 -34563.228     0.739     0.45    1.99
 -34274.699     0.770     0.11    1.92
 -33986.158     0.505    -0.92    1.95
 -33697.605     0.358    -0.51    1.96
 -33409.040     0.104    -0.88    2.28
 -33120.463    -0.230    -1.16    2.19
 -32831.875    -0.276    -0.16    2.23
 -32543.274    -0.108     0.58    2.36
 -32254.662     0.467     1.99    2.58
 -31966.038     0.442    -0.09    2.49
 -31677.402     0.708     0.92    2.36
 -31388.754     0.537    -0.59    2.38
 -31100.094     0.208    -1.14    2.64
 -30811.423    -0.006    -0.74    2.73
 -30522.739    -0.108    -0.36    2.77
 -30234.044     0.084     0.67    2.87
 -29945.337     0.195     0.38    2.91
 -29656.618     0.639     1.54    3.04
 -29367.887     0.909     0.93    3.00
 -29079.144     0.691    -0.75    2.92
 -28790.389     0.223    -1.62    2.71
 -28501.623    -0.260    -1.68    2.42
 -28212.844    -0.261    -0.00    2.05
 -27924.054    -0.455    -0.67    1.77
 -27635.252    -0.563    -0.37    1.62
 -27346.438    -0.633    -0.24    1.61
 -27057.612    -0.351     0.98    1.74
 -26768.774    -0.139     0.73    1.74
 -26479.924     0.032     0.59    1.70
 -26191.062     0.370     1.17    1.91
 -25902.189     0.770     1.38    1.86
 -25613.303     0.893     0.43    1.93
 -25324.406     0.739    -0.53    1.94
 -25035.496     0.528    -0.73    2.02
 -24746.575     0.370    -0.55    2.00
 -24457.642     0.452     0.28    1.97
 -24168.697     0.370    -0.28    1.82
 -23879.740     0.427     0.19    1.76
 -23590.771     0.270    -0.54    1.79
 -23301.790     0.201    -0.24    1.72
 -23012.797     0.509     1.06    2.00
 -22723.792     0.208    -1.04    2.11
 -22434.776    -0.023    -0.80    2.00
 -22145.747    -0.063    -0.14    1.91
 -21856.707    -0.455    -1.36    1.97
 -21567.654    -0.531    -0.26    2.02
 -21278.590    -0.491     0.14    2.16
 -20989.513    -0.476     0.05    2.28
 -20700.425    -0.558    -0.28    2.21
 -20411.325    -0.976    -1.45    3.21
 -20122.213    -1.134    -0.55    3.60
 -19833.088    -1.103     0.11    3.82
 -19543.952    -1.527    -1.47    4.26
 -19254.804    -1.876    -1.21    4.42
 -18965.644    -2.690    -2.82    4.94
 -18676.472    -2.595     0.33    4.97
 -18387.288    -1.866     2.52    4.68
 -18098.093    -1.455     1.42    4.76
 -17808.885    -1.076     1.31    4.60
 -17519.665    -0.630     1.54    4.39
 -17230.433    -0.245     1.33    3.87
 -16941.189    -0.291    -0.16    3.35
 -16651.933     0.723     3.51    1.93
 -16362.666     0.704    -0.07    2.08
 -16073.386     0.416    -0.99    2.00
 -15784.094     0.218    -0.69    1.90
 -15494.790     0.270     0.18    1.94
 -15205.475     0.376     0.37    2.18
 -14916.147     0.489     0.39    2.27
 -14626.807     0.393    -0.33    3.06
 -14337.456    -0.522    -3.16    4.27
 -14048.092    -0.860    -1.17    4.39
 -13758.716    -0.922    -0.21    4.52
 -13469.329    -0.660     0.90    4.64
 -13179.929    -0.055     2.09    4.27
 -12890.517     0.215     0.93    4.08
 -12601.094     0.674     1.59    3.74
 -12311.658     0.986     1.08    2.77
 -12022.210     0.740    -0.85    2.35
 -11732.750     0.380    -1.24    2.35
 -11443.278    -0.184    -1.95    2.05
 -11153.795    -0.558    -1.29    1.71
 -10864.299    -0.896    -1.17    1.45
 -10574.791    -0.777     0.41    1.57
 -10285.271    -0.260     1.79    2.07
  -9995.739     0.104     1.25    2.11
  -9706.195     0.278     0.60    1.85
  -9416.639     0.564     0.99    1.81
  -9127.071     0.870     1.06    2.03
  -8837.491     0.927     0.19    2.04
  -8547.899     0.755    -0.59    1.98
  -8258.295     0.801     0.16    2.00
  -7968.679     0.907     0.37    2.02
  -7679.050     0.816    -0.31    2.02
  -7389.410     0.899     0.29    2.06
  -7099.758     1.386     1.68    1.99
  -6810.093     1.880     1.71    2.20
  -6520.417     2.555     2.33    2.33
  -6230.728     2.255    -1.04    2.87
  -5941.028     1.723    -1.83    3.34
  -5651.315     1.104    -2.14    3.79
  -5361.590     0.104    -3.45    3.96
  -5071.853    -0.605    -2.44    3.71
  -4782.105    -2.002    -4.82    3.63
  -4492.344    -2.927    -3.19    3.67
  -4202.571    -3.275    -1.20    3.80
  -3912.785    -3.355    -0.27    3.88
  -3622.988    -3.796    -1.52    3.89
  -3333.179    -3.830    -0.12    3.84
  -3043.358    -3.648     0.63    3.62
  -2753.524    -2.518     3.90    3.61
  -2463.679    -3.170    -2.25    4.00
  -2173.821    -4.014    -2.91    4.67
  -1883.951    -5.646    -5.63    4.64
  -1594.069    -7.045    -4.83    4.44
  -1304.175    -8.183    -3.92    3.33
  -1014.269    -7.768     1.43    4.21
   -724.351    -6.472     4.47    5.32
   -434.421    -4.246     7.68    5.92
   -144.478    -1.988     7.79    5.57
    145.476    -0.042     6.71    4.60
    435.190     1.278     4.56    2.86
    722.580     1.770     1.71    1.67
   1009.983     1.709    -0.21    1.67
   1297.397     1.740     0.11    1.70
   1584.823     1.583    -0.55    2.14
   1872.261     1.319    -0.92    2.02
   2159.711     1.467     0.52    2.55
   2447.173     0.929    -1.87    2.51
   2734.647     0.970     0.14    2.62
   3022.133     1.278     1.07    2.81
   3309.630     1.463     0.64    2.69
   3597.140     1.596     0.46    2.81
   3884.661     2.098     1.75    2.78
   4172.194     2.637     1.87    2.53
   4459.739     2.922     0.99    2.02
   4747.296     2.952     0.11    1.90
   5034.865     2.890    -0.22    1.92
   5322.446     2.664    -0.78    1.86
   5610.039     2.520    -0.50    1.99
   5897.644     2.404    -0.41    1.92
   6185.260     2.493     0.31    2.03
   6472.889     2.583     0.31    2.33
   6760.529     2.416    -0.58    2.33
   7048.182     2.216    -0.70    2.28
   7335.846     1.770    -1.55    2.24
   7623.522     1.596    -0.61    2.14
   7911.210     1.659     0.22    2.12
   8198.910     1.505    -0.54    1.83
   8486.622     1.452    -0.18    1.76
   8774.346     1.210    -0.84    1.97
   9062.082     0.970    -0.83    2.14
   9349.830     0.876    -0.33    2.05
   9637.589     0.754    -0.43    2.05
   9925.361     0.863     0.38    1.88
  10213.145     1.020     0.55    1.85
  10500.940     1.467     1.55    1.92
  10788.748     1.832     1.27    1.86
  11076.567     1.922     0.31    1.69
  11364.399     2.088     0.58    1.69
  11652.242     2.355     0.93    1.79
  11940.098     2.448     0.32    1.85
  12227.965     2.447    -0.00    1.88
  12515.844     2.149    -1.04    1.90
  12803.736     2.001    -0.51    2.07
  13091.639     2.098     0.34    2.04
  13379.554     2.083    -0.05    1.93
  13667.481     1.897    -0.64    1.89
  13955.420     1.932     0.12    1.93
  14243.371     2.020     0.31    1.91
  14531.335     2.032     0.04    2.05
  14819.310     2.161     0.45    2.22
  15107.297     2.802     2.23    2.21
  15395.296     3.063     0.90    2.28
  15683.307     3.197     0.46    2.33
  15971.330     3.124    -0.25    2.50
  16259.365     2.800    -1.12    2.37
  16547.412     2.452    -1.21    2.36
  16835.471     1.845    -2.11    2.16
  17123.542     0.911    -3.24    1.82
  17411.625     0.220    -2.40    1.65
  17699.720    -0.399    -2.15    2.05
  17987.827    -1.089    -2.40    2.53
  18275.946    -1.614    -1.82    2.38
  18564.078    -2.002    -1.35    2.29
  18852.221    -2.402    -1.39    2.07
  19140.376    -2.617    -0.75    1.92
  19428.543    -2.684    -0.23    1.76
  19716.722    -2.488     0.68    1.55
  20004.913    -2.642    -0.54    1.41
  20293.117    -2.698    -0.19    1.47
  20581.332    -2.630     0.24    1.46
  20869.559    -2.537     0.32    1.48
  21157.798    -2.472     0.23    1.48
  21446.050    -2.321     0.52    1.45
  21734.313    -2.277     0.15    1.45
  22022.589    -1.948     1.14    1.73
  22310.876    -1.384     1.96    2.14
  22599.176    -1.168     0.75    2.07
  22887.487    -1.245    -0.27    2.15
  23175.811    -1.214     0.11    2.24
  23464.147    -1.430    -0.75    2.25
  23752.494    -1.351     0.27    2.03
  24040.854    -1.654    -1.05    1.78
  24329.226    -1.871    -0.75    1.53
  24617.610    -1.907    -0.12    1.56
  24906.006    -1.953    -0.16    1.62
  25194.414    -1.885     0.23    1.56
  25482.834    -2.014    -0.45    1.63
  25771.266    -1.942     0.25    1.72
  26059.711    -1.942     0.00    1.63
  26348.167    -2.030    -0.30    1.62
  26636.636    -1.833     0.68    1.69
  26925.116    -1.626     0.72    1.67
  27213.609    -1.472     0.54    1.79
  27502.113    -1.155     1.10    2.10
  27790.630    -0.676     1.66    2.26
  28079.159    -0.291     1.33    2.30
  28367.700     0.134     1.47    2.24
  28656.253     0.552     1.45    2.33
  28944.818     1.154     2.09    2.42
  29233.395     1.093    -0.21    2.21
  29521.985     1.442     1.21    2.08
  29810.586     1.422    -0.07    2.30
  30099.200     1.058    -1.26    2.27
  30387.825     0.663    -1.37    2.20
  30676.463     0.061    -2.09    2.24
  30965.113    -0.518    -2.00    1.94
  31253.775    -0.738    -0.76    1.79
  31542.449    -0.886    -0.51    1.63
  31831.136    -0.563     1.12    1.99
  32119.834    -0.464     0.34    2.08
  32408.544     0.077     1.87    1.90
  32697.267     0.183     0.37    1.97
  32986.002     0.333     0.52    2.15
  33274.749     0.286    -0.16    2.15
  33563.508     0.302     0.05    1.98
  33852.279     0.376     0.26    1.94
  34141.062     0.324    -0.18    1.97
  34429.858     0.303    -0.07    1.98
  34718.665     0.493     0.66    1.81
  35007.485     0.458    -0.12    1.83
  35296.317     0.437    -0.07    2.06
  35585.161     0.201    -0.82    2.07
  35874.017    -0.093    -1.02    2.01
  36162.886    -0.511    -1.45    1.91
  36451.766    -0.860    -1.21    1.66
  36740.659    -1.149    -1.00    1.64
  37029.564    -1.414    -0.92    1.62
  37318.481    -1.381     0.11    1.60
  37607.410    -1.691    -1.07    1.77
  37896.351    -1.558     0.46    1.76
  38185.305    -1.573    -0.05    2.06
  38474.270    -1.579    -0.02    2.06
  38763.248    -1.690    -0.38    2.21
  39052.238    -1.531     0.55    2.28
  39341.241    -1.476     0.19    2.26
  39630.255    -1.039     1.51    2.28
  39919.282    -1.230    -0.66    2.18
  40208.320    -0.987     0.84    1.95
  40497.371    -1.084    -0.34    2.02
  40786.435    -1.214    -0.45    1.86
  41075.510    -1.002     0.73    2.07
  41364.598    -0.911     0.31    2.31
  41653.697    -0.821     0.31    2.23
  41942.809    -0.337     1.67    1.95
  42231.934    -0.196     0.49    2.05
  42521.070     0.067     0.91    1.92
  42810.219     0.058    -0.03    1.95
  43099.379    -0.351    -1.41    1.85
  43388.552    -0.214     0.47    1.79
  43677.738    -0.122     0.32    1.92
  43966.935    -0.230    -0.37    1.92
  44256.145    -0.325    -0.33    1.97
  44545.367    -0.308     0.06    1.75
  44834.601    -0.030     0.96    1.77
  45123.847     0.124     0.53    1.88
  45413.106     0.208     0.29    1.81
  45702.377     0.278     0.24    2.17
  45991.660     0.197    -0.28    2.17
  46280.955     0.124    -0.25    2.12
  46570.263    -0.170    -1.02    2.17
  46859.583    -0.124     0.16    2.31
  47148.915     0.069     0.67    2.10
  47438.259     0.083     0.05    2.00
  47727.615     0.237     0.53    2.05
  48016.984     0.509     0.94    2.02
  48306.365     0.893     1.33    2.19
  48595.759     1.058     0.57    2.10
  48885.164     1.089     0.10    2.11
  49174.582     1.078    -0.04    1.99
  49464.012     0.835    -0.84    1.92
  49753.455     0.661    -0.60    1.78
  50042.909     0.437    -0.77    1.37
  50332.376     0.370    -0.23    1.83
  50621.855     0.482     0.39    1.91
  50911.347     0.725     0.84    1.88
  51200.851     0.832     0.37    1.92
  51490.367     0.932     0.34    1.98
  51779.895     1.520     2.03    2.31
  52069.436     1.681     0.55    2.25
  52358.989     1.546    -0.46    2.33
  52648.554     1.576     0.10    2.23
  52938.131     1.619     0.15    2.24
  53227.721     1.570    -0.17    2.15
  53517.323     1.340    -0.80    2.01
  53806.937     1.286    -0.19    1.93
  54096.564     1.216    -0.24    2.12
  54386.203     1.361     0.50    2.06
  54675.854     1.239    -0.42    2.09
  54965.518     1.109    -0.45    2.08
  55255.194     1.119     0.03    2.00
  55544.882     1.238     0.41    2.11
  55834.583     0.927    -1.08    1.99
  56124.296     0.982     0.19    2.09
  56414.021     0.940    -0.15    2.29
  56703.758     1.301     1.25    2.27
  56993.508     1.229    -0.25    2.49
  57283.270     0.940    -1.00    2.26
  57573.045     1.247     1.06    2.15
  57862.832     1.576     1.14    2.11
  58152.631     1.998     1.45    2.21
  58442.442     2.285     0.99    2.14
  58732.266     2.670     1.33    2.28
  59022.103     2.940     0.93    2.34
  59311.951     3.098     0.55    2.36
  59601.812     2.893    -0.71    2.32
  59891.685     3.119     0.78    2.16
  60181.571     3.333     0.74    2.18
  60471.469     3.432     0.34    2.03
  60761.379     3.528     0.33    1.94
  61051.302     3.286    -0.83    2.11
  61341.237     3.380     0.32    2.21
  61631.184     3.255    -0.43    2.30
  61921.144     3.232    -0.08    2.53
  62211.116     2.785    -1.54    2.53
  62501.101     2.819     0.11    2.62
  62789.294     2.986     0.58    2.82
  63076.645     2.255    -2.54    3.16
  63364.007     1.982    -0.95    2.90
  63651.382     1.416    -1.97    2.54
  63938.769     1.376    -0.14    2.54
  64226.168     1.183    -0.67    2.60
  64513.579     0.880    -1.06    2.54
  64801.002     0.641    -0.83    2.36
  65088.438     0.632    -0.03    2.25
  65375.885     0.649     0.06    2.28
  65663.345     0.848     0.69    2.39
  65950.817     1.078     0.80    2.28
  66238.300     1.247     0.59    1.90
  66525.797     1.421     0.60    1.84
  66813.305     1.945     1.82    2.12
  67100.825     1.989     0.15    2.29
  67388.358     1.924    -0.23    2.57
  67675.902     1.895    -0.10    2.65
  67963.459     2.063     0.58    2.64
  68251.028     2.109     0.16    2.65
  68538.609     2.137     0.10    2.48
  68826.203     2.270     0.46    2.46
  69113.808     2.502     0.80    2.54
  69401.426     2.892     1.36    2.19
  69689.056     3.069     0.62    2.21
  69976.698     3.301     0.81    2.04
  70264.352     3.574     0.95    1.95
  70552.018     3.801     0.79    1.91
  70839.697     3.977     0.61    1.94
  71127.388     4.098     0.42    2.17
  71415.091     4.293     0.68    2.20
  71702.806     4.302     0.03    2.20
  71990.533     4.278    -0.08    2.44
  72278.272     4.326     0.17    2.51
  72566.024     4.145    -0.63    2.56
  72853.788     4.262     0.41    2.62
  73141.564     4.083    -0.62    2.56
  73429.352     4.447     1.27    2.31
  73717.153     4.395    -0.18    2.06
  74004.966     4.675     0.97    2.36
  74292.790     4.863     0.65    2.56
  74580.628     4.937     0.26    2.77
  74868.477     4.513    -1.47    2.85
  75156.338     4.331    -0.63    2.77
  75444.212     4.532     0.70    2.92
  75732.098     4.367    -0.57    3.12
  76019.996     4.016    -1.22    2.85
  76307.907     3.674    -1.19    2.68
  76595.830     3.816     0.50    2.71
  76883.764     4.208     1.36    2.68
  77171.712     4.324     0.40    2.54
  77459.671     4.247    -0.27    2.51
  77747.642     4.770     1.82    2.61
  78035.626     4.924     0.53    2.63
  78323.622     5.151     0.79    2.70
  78611.631     5.093    -0.20    2.33
  78899.651     4.634    -1.60    2.49
  79187.684     4.263    -1.29    2.56
  79475.729     3.770    -1.71    2.46
  79763.787     3.255    -1.79    2.37
  80051.856     2.904    -1.22    2.24
  80339.938     3.001     0.34    2.25
  80628.032     3.567     1.97    2.44
  80916.138     3.893     1.13    2.53
  81204.257     4.016     0.43    2.49
  81492.388     4.098     0.28    2.58
  81780.531     4.448     1.21    2.74
  82068.687     4.452     0.02    2.79
  82356.854     4.278    -0.60    2.79
  82645.034     4.130    -0.52    2.59
  82933.227     4.155     0.09    2.57
  83221.431     3.893    -0.91    2.41
  83509.648     3.833    -0.21    2.27
  83797.877     4.045     0.73    2.08
  84086.119     3.922    -0.43    2.11
  84374.372     3.883    -0.13    2.17
  84662.638     3.892     0.03    2.19
  84950.917     3.801    -0.31    2.04
  85239.207     4.240     1.52    2.27
  85527.510     4.416     0.61    2.41
  85815.825     4.586     0.59    2.47
  86104.153     5.033     1.55    2.33
  86392.493     5.232     0.69    2.28
  86680.845     5.124    -0.37    2.28
  86969.209     5.073    -0.18    2.29
  87257.586     5.140     0.23    2.28
  87545.975     4.927    -0.74    2.66
  87834.376     4.723    -0.71    2.96
  88122.790     4.199    -1.82    3.07
  88411.216     4.170    -0.10    2.98
  88699.655     4.331     0.56    3.00
  88988.105     4.263    -0.24    2.88
  89276.568     3.924    -1.17    2.75
  89565.044     3.302    -2.16    3.50
  89853.531     2.187    -3.86    4.01
  90142.031     0.952    -4.28    4.40
  90430.544     0.263    -2.39    4.32
  90719.069    -0.409    -2.33    4.16
  91007.606    -0.260     0.52    4.12
  91296.155    -0.337    -0.27    3.98
  91584.717     0.528     3.00    3.95
  91873.291     1.407     3.04    3.84
  92161.877     2.151     2.58    3.40
  92450.476     2.140    -0.04    3.24
  92739.088     1.958    -0.63    3.42
  93027.711     2.016     0.20    3.25
  93316.347     1.645    -1.29    3.36
  93604.995     1.374    -0.94    3.50
  93893.656     1.001    -1.29    3.56
  94182.329     0.524    -1.65    3.63
  94471.015    -0.018    -1.88    3.72
  94759.712    -0.578    -1.94    3.57
  95048.423    -1.033    -1.57    3.55
  95337.145    -1.663    -2.18    3.12
  95625.880    -1.630     0.12    3.21
  95914.627    -2.023    -1.36    2.54
  96203.387    -2.199    -0.61    2.02
  96492.159    -2.030     0.59    2.05
  96780.944    -1.399     2.18    2.55
  97069.741    -0.452     3.28    3.10
  97358.550     0.355     2.79    3.78
  97647.372     1.294     3.25    4.19
  97936.206     2.067     2.68    4.19
  98225.052     3.278     4.19    3.61
  98513.911     3.225    -0.18    3.60
  98802.783     3.380     0.54    3.92
  99091.666     2.867    -1.77    3.89
  99380.563     2.058    -2.80    4.05
  99669.471     1.448    -2.11    4.28
  99958.392     1.073    -1.30    4.57
 100247.326     0.370    -2.43    4.63
 100536.271     0.009    -1.25    4.38
 100825.230    -0.230    -0.83    4.31
 101114.200     0.482     2.46    4.66
 101403.184     0.335    -0.51    4.10
 101692.179     1.240     3.13    4.22
 101981.187     2.278     3.59    4.03
 102270.208     3.073     2.75    3.51
 102559.241     4.167     3.78    2.72
 102848.286     5.125     3.31    2.01
 103137.344     5.619     1.71    2.21
 103426.414     5.674     0.19    2.56
 103715.497     5.927     0.88    2.66
 104004.592     5.831    -0.33    3.21
 104293.699     5.937     0.37    3.20
 104582.820     5.786    -0.52    3.03
 104871.952     5.493    -1.01    2.70
 105161.097     5.220    -0.94    2.59
 105450.255     5.001    -0.76    2.45
 105739.424     5.009     0.03    2.43
 106028.607     5.256     0.85    2.07
 106317.802     5.164    -0.32    2.00
 106607.009     5.293     0.45    2.15
 106896.229     5.104    -0.66    2.16
 107185.461     5.317     0.74    2.05
 107474.706     5.114    -0.70    2.04
 107763.963     5.063    -0.18    1.97
 108053.233     5.247     0.64    2.01
 108342.515     5.145    -0.35    2.10
 108631.810     5.493     1.20    2.05
 108921.117     5.738     0.84    2.01
 109210.437     5.540    -0.68    1.98
 109499.769     5.755     0.75    2.33
 109789.114     6.013     0.89    2.56
 110078.471     6.009    -0.01    2.68
 110367.841     6.098     0.31    2.66
 110657.223     6.370     0.94    2.68
 110946.618     6.586     0.74    2.55
 111236.026     6.801     0.74    2.45
 111525.445     6.724    -0.27    2.40
 111814.878     6.447    -0.96    2.22
 112104.323     6.463     0.05    2.64
 112393.780     6.348    -0.39    2.76
 112683.250     6.199    -0.52    2.84
 112972.732     5.922    -0.96    2.75
 113262.227     5.186    -2.54    2.56
 113551.735     4.785    -1.38    2.18
 113841.255     4.666    -0.41    1.78
 114130.787     4.661    -0.02    1.56
 114420.333     4.887     0.78    1.61
 114709.890     5.164     0.96    1.74
 114999.461     5.651     1.68    1.63
 115289.043     5.964     1.08    1.62
 115578.639     6.164     0.69    1.63
 115868.246     6.278     0.39    1.63
 116157.867     6.399     0.42    1.64
 116447.500     6.422     0.08    1.73
 116737.145     6.421    -0.00    1.61
 117026.804     6.452     0.11    1.60
 117316.474     6.422    -0.10    1.79
 117606.158     6.570     0.51    1.84
 117895.853     6.663     0.32    1.86
 118185.562     6.512    -0.52    1.99
 118475.283     6.663     0.52    2.16
 118765.016     6.860     0.68    2.40
 119054.762     6.785    -0.26    2.38
 119344.521     6.830     0.15    2.37
 119634.292     6.679    -0.52    2.31
 119924.076     6.787     0.37    2.35
 120213.873     6.498    -1.00    2.32
 120503.682     6.520     0.08    1.99
 120793.504     6.401    -0.41    1.97
 121083.338     6.725     1.12    2.05
 121373.185     6.801     0.26    2.08
 121663.044     6.993     0.66    2.17
 121952.916     6.993     0.00    2.05
 122242.801     6.924    -0.24    1.94
 122532.698     6.785    -0.48    2.09
 122822.608     6.491    -1.02    2.06
 123112.531     6.517     0.09    1.84
 123402.466     6.247    -0.93    1.83
 123692.414     6.054    -0.67    1.69
 123982.374     5.861    -0.66    1.78
 124272.347     5.664    -0.68    1.73
 124562.333     5.561    -0.35    1.75
 124851.669     5.558    -0.01    1.79
 125138.983     5.386    -0.60    1.73
 125426.309     5.432     0.16    1.60
 125713.647     6.210     2.71    1.80
 126000.998     6.674     1.61    2.13
 126288.361     7.309     2.21    2.32
 126575.737     7.863     1.93    2.30
 126863.125     8.201     1.18    2.21
 127150.525     8.606     1.41    2.00
 127437.937     8.964     1.24    1.87
 127725.363     9.043     0.28    1.71
 128012.800     9.109     0.23    1.70
 128300.250     8.952    -0.55    1.69
 128587.712     8.663    -1.01    1.95
 128875.186     8.218    -1.55    1.85
 129162.673     8.078    -0.49    1.83
 129450.173     7.620    -1.59    1.64
 129737.685     7.541    -0.28    1.70
 130025.209     7.366    -0.61    1.56
