#   10.570  -0.144   2.072 ;Mean Elev.(m), Avg Gradient(m/km), RMS Gradient(m/km) - SRTM1     
#    9.400  -0.065   0.926 ;Mean Elev.(m), Avg Gradient(m/km), RMS Gradient(m/km) - ASTER GDEM
#   12.230  -0.212   2.393 ;Mean Elev.(m), Avg Gradient(m/km), RMS Gradient(m/km) - GMTED2010 
   1  89.330388  23.920236    11.282    11.344  6 54668.05955403 31.318
   2  89.327394  23.917238    11.719    11.764  5 54677.97519733 29.296
   3  89.327497  23.917513    10.117    10.345  5 54687.89084016 25.590
   4  89.331898  23.921962    11.908    11.898  7 54697.80648227 31.370
   5  89.334582  23.922045    12.347    12.243  7 54707.72212420 30.635
   6  89.333109  23.922087    12.213    12.310  7 54717.63777567 30.704
   7  89.329649  23.919198    10.612    10.596  5 54727.55342402 28.771
   8  89.325882  23.917969    11.591    11.515  5 54737.46907136 29.765
   9  89.323254  23.918770    10.505    10.581  5 54747.38471907 27.750
  10  89.320971  23.917343     9.602     9.618  5 54757.30036603 47.955
  11  89.321947  23.917588     8.314     8.330  5 54767.21601166 47.629
  12  89.324631  23.918043     8.043     7.976  5 54777.13165417 47.546
  13  89.326952  23.918807     7.329     7.304  5 54787.04729416 45.662
  14  89.327991  23.919100     6.942     6.908  5 54796.96293255 50.324
  15  89.329444  23.919382     6.542     6.565  5 54806.87857048 50.444
  16  89.332579  23.920848     6.180     6.215  7 54816.79420815 47.241
  17  89.331693  23.921274     5.693     5.657  7 54826.70985659 51.817
  18  89.327045  23.917899     5.699     5.681  5 54836.62549457 50.735
  19  89.323004  23.917930     5.416     5.410  5 54846.54114374 47.282
  20  89.320339  23.918436     5.472     5.368  5 54856.45679274 46.324
  21  89.318745  23.918184     5.220     5.248  5 54866.37244178 42.467
  22  89.318971  23.918661     5.119     5.110  5 54876.28809065 41.847
  23  89.320503  23.918843     4.985     5.001  5 54886.20373659 41.289
  24  89.320770  23.917958     4.968     4.815  5 54896.11937864 45.221
  25  89.320631  23.918152     5.098     4.935  5 54906.03501797 42.560
  26  89.321147  23.918514     4.774     4.670  5 54915.95065594 45.321
  27  89.321820  23.917016     5.027     4.570  5 54925.86629318 39.686
  28  89.325046  23.917557     4.786     4.500  5 54935.78193035 46.224
  29  89.330460  23.919752     4.504     4.467  6 54945.69756615 41.695
  30  89.336097  23.920881     4.914     4.911  6 54955.61319928 39.529
  31  89.335025  23.922048     4.753     4.749  6 54965.52884687 47.479
  32  89.331555  23.920633     4.974     4.974  7 54975.44449425 31.873
  33  89.328456  23.918878     6.641     6.668  5 54985.36014154 27.956
  34  89.327304  23.917996     5.704     5.782  6 54995.27578920 31.511
  35  89.326829  23.918249     5.978     6.143  5 55005.19143565 30.713
  36  89.325820  23.918706     7.711     7.849  5 55015.10707976 32.307
  37  89.324245  23.918345     9.016     8.967  5 55025.02272211 31.229
  38  89.322641  23.917000     8.438     8.432  5 55034.93836353 32.685
  39  89.324591  23.918043     9.963    10.047  5 55044.85400495 51.353
  40  89.328457  23.917254    10.620    10.503  5 55054.76964442 30.897
  41  89.334599  23.921549    10.984    11.013  6 55064.68528291 30.148
  42  89.333149  23.921741    10.972    11.054  7 55074.60092975 28.986
  43  89.327460  23.917922    10.419    10.406  5 55084.51657645 25.932
  44  89.324077  23.918044    11.063    11.146  5 55094.43222285 25.941
  45  89.323142  23.918733     9.981    10.024  5 55104.34786957 25.367
  46  89.322730  23.917234     9.783     9.763  5 55114.26351571 49.957
  47  89.324578  23.918143    10.426    10.455  5 55124.17916008 24.763
  48  89.325934  23.918144     8.867     8.825  5 55134.09480132 51.662
  49  89.326103  23.917067     8.008     7.993  5 55144.01043990 47.688
  50  89.326277  23.917198     7.219     7.287  5 55153.92607781 43.292
  51  89.327747  23.918136     6.859     6.688  5 55163.84171625 50.290
  52  89.330866  23.919871     6.274     6.277  5 55173.75735472 49.283
  53  89.334669  23.921962     5.850     5.752  7 55183.67299353 49.714
  54  89.330252  23.919723     5.624     5.602  6 55193.58864383 49.188
  55  89.324234  23.916778     5.360     5.225  5 55203.50429277 40.319
  56  89.321402  23.918224     5.270     5.301  5 55213.41994239 31.040
  57  89.319913  23.917307     4.860     4.606  5 55223.33559128 40.577
  58  89.321389  23.918852     4.760     4.598  5 55233.25123945 40.185
  59  89.323372  23.918511     4.629     4.568  5 55243.16688398 39.005
  60  89.323207  23.917745     4.620     4.562  6 55253.08252484 39.907
  61  89.322098  23.918471     4.461     4.313  5 55262.99816349 39.644
  62  89.321129  23.917159     5.066     4.429  5 55272.91380054 26.207
  63  89.323346  23.916794     3.853     3.773  5 55282.82943771 34.303
  64  89.328613  23.918314     4.430     4.523  5 55292.74507427 30.531
  65  89.334743  23.922055     4.963     4.955  7 55302.66071087 31.389
  66  89.333683  23.922813     8.315     8.279  7 55312.57635828 17.047
  67  89.330110  23.920002     6.133     6.112  6 55322.49200271 35.653
  68  89.326925  23.917981     5.895     5.875  6 55332.40764632 32.123
  69  89.325328  23.917252     7.311     7.420  5 55342.32329035 33.696
  70  89.326006  23.917637     7.014     7.013  5 55352.23893457 32.624
  71  89.327059  23.917337     8.149     8.163  5 55362.15457644 34.993
  72  89.328040  23.918621     8.335     8.297  5 55372.07021645 28.754
  73  89.327607  23.917344     9.164     9.147  5 55381.98585423 36.469
  74  89.328379  23.917488     9.598     9.627  5 55391.90149153 22.950
  75  89.333224  23.921313    10.063    10.038  7 55401.81712849 20.723
  76  89.334152  23.922910    10.710    10.775  7 55411.73277882 26.655
  77  89.333011  23.921507    10.727    10.871  7 55421.64842776 32.887
  78  89.330339  23.919360    11.015    10.937  6 55431.56407376 36.098
  79  89.326240  23.917975    11.687    11.728  6 55441.47971789 33.474
  80  89.323725  23.917735    12.088    12.072  5 55451.39536109 49.201
  81  89.323880  23.917467    11.431    11.409  5 55461.31100393 34.710
  82  89.326645  23.917648    11.477    11.373  5 55471.22664576 43.685
  83  89.330273  23.918772    10.043    10.041  6 55481.14228487 36.771
  84  89.333605  23.921390     9.685     9.921  7 55491.05792170 32.566
  85  89.334713  23.921051     8.482     8.509  6 55500.97355551 41.639
  86  89.333150  23.921974     8.003     8.004  7 55510.88919846 51.779
  87  89.328154  23.917497     7.734     7.819  5 55520.80484660 45.202
  88  89.326693  23.917401     7.256     7.227  5 55530.72049483 52.667
  89  89.326237  23.917673     6.921     6.933  5 55540.63614169 51.583
  90  89.325782  23.918383     6.356     6.399  5 55550.55178665 50.028
  91  89.323582  23.917593     5.782     5.733  5 55560.46742977 47.964
  92  89.322781  23.917533     5.621     5.608  5 55570.38307248 46.754
  93  89.324084  23.917834     5.373     5.347  5 55580.29871449 46.125
  94  89.327480  23.918342     5.132     5.006  5 55590.21435386 43.144
  95  89.333463  23.922255     4.821     4.776  7 55600.12999091 45.291
  96  89.336059  23.921723     4.657     4.606  6 55610.04562423 45.528
  97  89.336711  23.920158     4.870     4.898  6 55619.96125552 44.528
  98  89.332412  23.920463     4.633     4.528  7 55629.87690547 47.247
  99  89.330293  23.920293     4.813     4.613  6 55639.79255573 33.596
 100  89.330220  23.919472     4.715     4.606  6 55649.70820364 32.845
 101  89.331649  23.921449     4.853     4.734  7 55659.62384900 34.869
 102  89.330608  23.920303     6.303     6.840  6 55669.53949005 22.464
 103  89.328440  23.917387     4.826     4.743  5 55679.45512878 40.674
 104  89.328936  23.917456     5.098     4.906  5 55689.37076659 42.907
 105  89.332570  23.921371     5.320     5.386  7 55699.28640396 31.782
 106  89.334819  23.921600     5.451     5.502  6 55709.20204234 30.176
 107  89.332478  23.921511     6.177     6.118  7 55719.11769272 39.848
 108  89.328784  23.919171     8.451     8.579  5 55729.03333999 26.846
 109  89.325983  23.916894     8.943     8.947  5 55738.94898572 32.724
 110  89.325512  23.917816    10.504    10.461  5 55748.86463098 21.599
 111  89.326209  23.917552    10.293    10.282  5 55758.78027372 22.849
 112  89.328874  23.918532    11.163    11.138  5 55768.69591417 28.157
 113  89.333247  23.922367    11.768    11.626  7 55778.61155227 32.871
 114  89.334896  23.920967    11.955    11.880  6 55788.52718677 34.688
 115  89.336165  23.920037    11.972    11.966  6 55798.44282029 32.931
 116  89.335217  23.922036    11.377    11.420  7 55808.35846593 32.190
 117  89.333263  23.921385    10.873    10.846  7 55818.27411503 33.686
 118  89.333846  23.921012    11.129    11.174  7 55828.18976040 29.275
 119  89.335177  23.921191    11.663    11.623  6 55838.10540147 45.942
 120  89.335490  23.920835     9.760     9.756  6 55848.02103910 51.771
 121  89.336476  23.921892     8.921     8.942  6 55857.93667463 45.445
 122  89.333668  23.920954     8.393     8.474  7 55867.85232015 44.532
 123  89.330390  23.919380     8.305     8.117  6 55877.76797118 31.392
 124  89.329838  23.918800     7.557     7.574  6 55887.68361622 50.076
 125  89.331609  23.920569     7.023     7.045  7 55897.59925638 55.630
 126  89.334351  23.921672     6.735     6.731  6 55907.51489162 54.387
 127  89.331676  23.920974     6.411     6.403  7 55917.43053837 51.069
 128  89.326745  23.917377     6.151     6.159  5 55927.34619092 37.100
 129  89.325498  23.916863     6.098     6.079  5 55937.26184104 37.129
 130  89.326324  23.918278     5.886     5.882  5 55947.17748672 32.817
 131  89.326456  23.917090     5.956     5.966  5 55957.09312712 49.397
 132  89.328008  23.919021     5.715     5.674  5 55967.00876550 39.869
 133  89.328816  23.918724     5.581     5.604  5 55976.92440215 51.921
 134  89.332553  23.921472     5.304     5.295  7 55986.84003885 49.534
 135  89.335582  23.921088     4.799     4.867  6 55996.75567638 45.814
 136  89.333869  23.920698     4.520     4.542  7 56006.67132727 49.253
 137  89.332816  23.922372     4.593     4.616  7 56016.58697464 37.428
 138  89.327774  23.917462     6.260     5.551  5 56026.50261760 30.126
 139  89.325497  23.916986     4.876     4.792  5 56036.41826027 39.396
 140  89.326785  23.918264     5.143     5.114  5 56046.33390169 36.183
 141  89.328965  23.917925     5.902     5.842  5 56056.24954003 33.715
 142  89.334436  23.921347     5.256     5.196  7 56066.16517519 31.116
 143  89.332706  23.921571     5.867     5.870  7 56076.08082204 31.913
 144  89.327095  23.917268     6.921     6.926  5 56085.99646964 50.584
 145  89.326026  23.918241     7.661     7.644  5 56095.91211613 25.903
 146  89.326314  23.916948     8.839     8.634  5 56105.82776011 19.285
 147  89.329106  23.918235     9.117     9.020  5 56115.74339036 18.527
 148  89.333220  23.921369    11.324    11.490  7 56125.65902900 24.223
 149  89.335781  23.921593    10.455    10.453  7 56135.57466310 22.724
 150  89.334475  23.921200    10.583    10.584  6 56145.49030514 21.854
 151  89.331712  23.921702    10.901    10.954  7 56155.40595510 26.433
 152  89.328550  23.918083    10.391    10.394  5 56165.32160330 24.611
 153  89.329106  23.919016    10.717    10.597  5 56175.23725054 25.841
 154  89.331825  23.921901    10.973    10.793  7 56185.15289323 26.612
 155  89.332810  23.922054    12.052    12.048  7 56195.06853129 54.116
 156  89.332889  23.921599    10.743    10.670  7 56204.98416601 36.379
 157  89.334382  23.922196     9.711     9.726  7 56214.89979936 41.482
 158  89.335445  23.920408     8.532     8.550  6 56224.81543600 46.948
 159  89.333473  23.920933     7.916     7.911  7 56234.73109138 36.822
 160  89.332062  23.921607     7.621     7.581  7 56244.64674300 49.628
 161  89.328723  23.918595     7.265     7.224  5 56254.56238889 53.765
 162  89.326829  23.917875     6.822     6.764  6 56264.47803144 47.483
 163  89.326586  23.918437     6.399     6.334  5 56274.39367281 44.727
 164  89.326966  23.918168     5.967     5.920  5 56284.30931784 36.542
 165  89.326665  23.917822     5.790     5.817  5 56294.22496933 50.455
 166  89.326487  23.917904     5.268     5.266  6 56304.14061654 45.598
 167  89.325774  23.918616     5.150     5.205  5 56314.05625972 42.929
 168  89.324877  23.918874     5.248     5.168  5 56323.97190044 43.936
 169  89.325072  23.917967     5.105     5.208  5 56333.88754011 47.921
 170  89.328363  23.919103     4.958     4.971  5 56343.80317978 40.864
 171  89.334043  23.922648     5.498     5.526  7 56353.71881785 52.369
 172  89.334416  23.921926     5.225     5.202  7 56363.63446065 51.089
 173  89.330226  23.920199     5.024     4.995  6 56373.55010878 49.804
 175  89.322981  23.918057     4.816     4.824  5 56393.38139829 41.013
 176  89.323683  23.917319     4.826     4.821  5 56403.29704080 48.561
 177  89.326912  23.918019     4.960     4.932  6 56413.21268092 36.338
 178  89.333385  23.922427     5.719     5.761  7 56423.12831700 30.905
 179  89.332757  23.921825     5.757     5.728  7 56433.04395996 35.843
 180  89.325623  23.917020     8.030     7.997  5 56442.95961046 25.544
 181  89.322774  23.917555     7.555     7.486  5 56452.87525975 33.021
 182  89.322780  23.917208     7.132     7.148  5 56462.79090650 44.788
 183  89.325098  23.917846    10.167    10.175  6 56472.70655035 41.935
 184  89.328201  23.918792    10.869    10.874  5 56482.62219099 26.508
 185  89.330201  23.920021    11.353    11.294  6 56492.53782824 26.083
 186  89.332145  23.921174    11.481    11.566  7 56502.45346329 24.221
 187  89.335264  23.921230    11.627    11.575  7 56512.36909683 30.096
 188  89.334988  23.921169    11.651    11.627  6 56522.28474457 29.911
 189  89.334075  23.922855    11.944    11.866  7 56532.20039775 31.405
 191  89.328693  23.919004    11.170    11.289  5 56552.03169056 26.163
 192  89.325911  23.918122     9.706     9.721  5 56561.94733273 50.406
 193  89.324663  23.917373    11.615    11.521  5 56571.86297375 28.010
 194  89.326390  23.917264    10.302    10.258  5 56581.77861343 38.287
 195  89.333998  23.922580    11.100    11.165  7 56591.69425046 28.411
 196  89.333187  23.921845     8.928     8.947  7 56601.60989956 49.260
 197  89.328927  23.918764     8.267     8.258  5 56611.52554841 51.382
 198  89.326198  23.917958     7.757     7.708  6 56621.44119355 51.638
 199  89.325672  23.918774     7.433     7.418  5 56631.35683634 51.150
 200  89.328127  23.918531     6.839     6.849  5 56641.27247527 36.208
 201  89.329001  23.918424     6.478     6.487  5 56651.18812382 31.317
 202  89.327325  23.917103     6.139     6.076  5 56661.10377400 39.529
 203  89.326186  23.918660     5.664     5.593  5 56671.01942130 35.924
 204  89.323908  23.917903     6.185     6.103  6 56680.93506578 50.479
 205  89.324015  23.917714     6.138     6.056  5 56690.85070856 39.013
 206  89.326907  23.917759     5.966     5.929  5 56700.76634810 48.693
 207  89.333484  23.922402     5.839     5.785  7 56710.68198414 50.703
 208  89.333118  23.922157     5.755     5.809  7 56720.59762686 49.334
 209  89.326245  23.917131     5.789     5.727  5 56730.51327716 39.029
 210  89.322689  23.917589     5.640     5.641  5 56740.42892523 32.124
 211  89.322116  23.918768     5.266     5.282  5 56750.34456964 33.121
 212  89.324086  23.917239     5.268     5.286  5 56760.26020879 33.494
 213  89.331440  23.921526     5.180     5.161  7 56770.17584306 35.306
 214  89.327848  23.918067     6.318     5.197  5 56780.09149396 36.541
 215  89.323301  23.917053     5.185     5.146  5 56790.00714839 40.609
 216  89.319977  23.918595     6.385     6.390  5 56799.92280000 33.134
 217  89.318757  23.918042     7.763     8.284  5 56809.83844474 38.200
 218  89.320899  23.917880     8.891     8.593  5 56819.75408471 28.683
 219  89.325275  23.917829     8.446     8.568  6 56829.66972108 32.390
 220  89.331922  23.921140    10.110    10.220  6 56839.58535526 25.245
 221  89.335459  23.921404    10.668    10.628  7 56849.50098891 20.798
 222  89.329980  23.919614     9.665     9.675  6 56859.41664275 27.254
 223  89.325922  23.918029    10.476    10.450  5 56869.33229596 24.527
 224  89.324198  23.917692    10.893    10.735  5 56879.24794731 26.876
 225  89.323807  23.918520    11.817    11.802  5 56889.16359551 32.366
 226  89.322099  23.917123    11.691    11.595  5 56899.07924026 27.444
 227  89.320903  23.918454    10.376    10.264  5 56908.99488308 29.436
 228  89.320364  23.918206    10.561    10.633  6 56918.91052363 34.201
 229  89.322330  23.918005    10.687    10.590  5 56928.82616228 29.905
 230  89.326988  23.918172     9.768     9.755  5 56938.74179690 50.837
 231  89.333499  23.921945     8.363     8.347  7 56948.65743258 46.829
 232  89.328880  23.917789     8.823     8.872  5 56958.57308427 27.775
 233  89.326068  23.917243     7.733     7.695  5 56968.48873183 49.005
 234  89.325623  23.918100     7.132     7.170  5 56978.40437616 37.365
 235  89.326658  23.917271     6.814     6.791  5 56988.32001592 43.480
 236  89.332835  23.920779     6.488     6.352  7 56998.23565087 34.162
 237  89.332263  23.920786     6.263     6.547  7 57008.15130051 30.094
 238  89.328587  23.918455     5.703     5.533  5 57018.06695315 51.982
 239  89.326348  23.918873     5.557     5.591  5 57027.98260292 48.969
 240  89.323834  23.917047     5.572     5.556  5 57037.89825025 47.462
 241  89.324283  23.917734     5.454     5.422  5 57047.81389575 50.002
 242  89.326586  23.918163     5.023     4.957  5 57057.72953759 48.824
 243  89.329866  23.919029     4.719     4.720  6 57067.64517410 48.231
 244  89.333233  23.921460     4.692     4.689  7 57077.56080682 50.803
 245  89.335089  23.921404     4.427     4.465  6 57087.47643945 35.633
 246  89.327760  23.918122     4.577     4.507  6 57097.39209708 38.842
 247  89.324347  23.918220     4.869     4.708  5 57107.30775289 32.717
 248  89.324134  23.918281     5.847     5.040  5 57117.22340400 30.560
 249  89.325049  23.918771     5.452     5.438  5 57127.13904898 38.325
 250  89.325026  23.916902     5.283     5.210  5 57137.05468777 26.950
 251  89.327796  23.918634     5.832     5.906  5 57146.97032329 36.273
 252  89.332912  23.922002     5.810     5.787  7 57156.88595675 39.346
 253  89.333653  23.921485     6.283     6.286  7 57166.80160050 32.545
 254  89.330055  23.919374     7.117     7.149  6 57176.71725574 31.814
 255  89.328085  23.918875     8.141     8.049  5 57186.63290755 21.228
 256  89.326375  23.917945     8.593     8.782  6 57196.54855533 31.924
 257  89.325030  23.917728     8.833     8.765  6 57206.46418991 22.708
 258  89.324497  23.917761     9.513     9.535  6 57216.37983512 35.098
 259  89.325248  23.917047    10.485    10.393  5 57226.29547918 27.153
 260  89.327147  23.917003    10.956    10.976  5 57236.21112142 25.437
 261  89.330079  23.919527    10.392    10.427  5 57246.12676073 24.985
 262  89.331656  23.920708    11.307    11.365  7 57256.04239688 28.519
 263  89.332377  23.920504    11.801    11.773  7 57265.95803127 43.269
 264  89.331996  23.920336    11.185    11.139  7 57275.87367464 28.139
 265  89.329221  23.919061    10.429    10.431  5 57285.78933079 29.601
 266  89.327165  23.917058     9.693     9.713  5 57295.70498398 40.840
 267  89.326399  23.917857     9.381     9.385  6 57305.62063432 30.464
 268  89.323973  23.917331     7.557     7.543  5 57315.53628061 46.911
 269  89.321639  23.916975     6.954     6.896  5 57325.45192394 41.545
 270  89.322282  23.917745     6.591     6.635  5 57335.36756596 45.480
 271  89.322930  23.917850     6.481     6.501  5 57345.28321294 37.026
 272  89.323265  23.917419     6.083     6.060  5 57355.19886102 42.875
 273  89.324931  23.918907     6.017     6.050  5 57365.11450562 47.153
 274  89.325783  23.918903     5.682     5.628  5 57375.03014625 48.590
 275  89.326599  23.918376     5.155     5.121  5 57384.94578465 44.233
 276  89.329156  23.919083     4.801     4.782  5 57394.86142280 48.859
 277  89.333592  23.920939     4.550     4.485  7 57404.77706039 48.495
 278  89.333753  23.920864     4.464     4.448  7 57414.69270775 43.938
 279  89.331384  23.921539     4.366     4.348  7 57424.60835892 46.844
 280  89.325551  23.917514     4.658     4.731  5 57434.52400610 42.266
 281  89.322667  23.918362     4.637     4.572  5 57444.43965292 46.300
 282  89.321380  23.917374     4.214     4.213  5 57454.35529893 39.255
 283  89.323719  23.918672     4.554     4.527  5 57464.27094387 43.793
 284  89.327616  23.917890     4.262     4.160  5 57474.18658478 35.787
 286  89.334240  23.921946     4.577     4.491  7 57494.01785696 34.301
 287  89.335636  23.920942     5.605     5.631  6 57503.93348855 35.584
 288  89.331936  23.921290     6.115     6.042  6 57513.84914201 33.488
 289  89.329267  23.919028     5.590     5.584  5 57523.76479540 33.565
 290  89.328534  23.917741     7.518     7.461  5 57533.68044690 28.456
 291  89.328568  23.919345     6.826     6.637  5 57543.59609602 35.433
 292  89.326011  23.917100     6.458     6.345  5 57553.51174177 29.304
 293  89.324898  23.917884     8.413     8.372  5 57563.42738698 35.629
 294  89.324677  23.918388     9.151     9.103  5 57573.34303186 37.081
 295  89.325573  23.918470    10.529    10.574  5 57583.25867652 34.522
 296  89.327215  23.918617    11.707    11.673  5 57593.17431933 27.024
 297  89.327586  23.917534    11.936    11.882  5 57603.08995931 25.575
