-324251.652   529.620     0.00    3.79
-323963.828   530.048     1.49    3.95
-323675.992   530.528     1.66    4.26
-323388.145   532.408     6.53    4.52
-323100.287   533.624     4.22    4.16
-322812.417   534.886     4.38    3.69
-322524.535   535.402     1.79    3.53
-322236.642   536.781     4.79    3.36
-321948.738   537.932     4.00    3.76
-321660.822   539.931     6.94    4.34
-321372.895   541.996     7.17    5.58
-321084.956   544.297     7.99    5.95
-320797.006   547.043     9.53    6.54
-320509.044   550.673    12.60    7.07
-320221.071   554.519    13.35    9.04
-319933.086   560.329    20.17   12.28
-319645.090   567.273    24.11   16.80
-319357.082   576.611    32.42   21.90
-319069.063   591.642    52.17   29.77
-318781.032   604.784    45.62   33.68
-318492.990   616.511    40.70   33.31
-318204.936   632.011    53.80   36.60
-317916.871   655.761    82.43   45.95
-317628.794   676.128    70.68   47.52
-317340.705   696.361    70.21   47.10
-317052.605   712.952    57.58   40.57
-316764.494   719.330    22.13   32.84
-316476.371   718.739    -2.05   30.29
-316188.237   711.704   -24.41   32.95
-315900.091   698.211   -46.81   32.40
-315611.933   686.073   -42.12   27.29
-315323.764   674.948   -38.60   14.87
-315035.584   669.386   -19.29    8.28
-314747.392   667.104    -7.92    8.67
-314459.188   664.694    -8.36    8.85
-314170.973   660.947   -13.00   11.81
-313882.746   654.574   -22.11   18.51
-313594.508   646.511   -27.97   23.70
-313306.258   632.463   -48.73   29.51
-313017.997   619.480   -45.03   30.28
-312729.724   609.121   -35.93   27.09
-312441.440   599.511   -33.33   22.40
-312153.144   596.366   -10.91   20.73
-311864.836   596.218    -0.51   26.17
-311576.517   601.789    19.32   33.54
-311288.186   605.433    12.64   34.59
-310999.844   610.473    17.47   33.77
-310711.490   617.583    24.65   34.84
-310423.125   625.882    28.78   34.36
-310134.748   634.133    28.60   31.45
-309846.359   641.769    26.48   29.41
-309557.959   654.824    45.26   25.74
-309269.547   664.617    33.95   19.18
-308981.124   669.534    17.04   12.26
-308692.689   670.918     4.79    9.93
-308404.243   670.699    -0.76    9.61
-308115.785   668.995    -5.91   10.40
-307827.315   663.058   -20.58   10.79
-307538.834   658.011   -17.49   10.58
-307250.341   654.193   -13.23   10.29
-306961.837   651.041   -10.92   10.00
-306673.321   646.590   -15.43    8.66
-306384.793   644.295    -7.95    6.94
-306096.254   642.558    -6.02    6.18
-305807.703   640.830    -5.99    6.49
-305519.141   638.704    -7.37    7.30
-305230.567   636.750    -6.77    7.56
-304941.981   634.658    -7.25    8.03
-304653.384   631.269   -11.74    9.74
-304364.775   627.102   -14.44   10.87
-304076.155   621.630   -18.95   11.55
-303787.523   617.074   -15.78   10.96
-303498.879   612.793   -14.83   11.61
-303210.223   607.511   -18.29   10.72
-302921.556   602.882   -16.03   10.97
-302632.878   599.855   -10.48   11.25
-302344.188   596.882   -10.30   11.29
-302055.486   594.583    -7.96   12.03
-301766.772   592.246    -8.09   11.17
-301478.047   590.888    -4.70   10.12
-301189.310   589.293    -5.53    9.93
-300900.562   587.882    -4.88    8.12
-300611.802   586.258    -5.63    6.83
-300323.030   586.123    -0.47    6.25
-300034.247   585.590    -1.85    6.02
-299745.452   583.845    -6.04    6.62
-299456.645   582.215    -5.64    7.03
-299167.827   581.092    -3.89    7.66
-298878.997   579.449    -5.69    8.16
-298590.155   577.495    -6.76    8.18
-298301.302   575.858    -5.67    8.23
-298012.437   575.658    -0.69    7.96
-297723.560   575.769     0.39    8.14
-297434.672   575.456    -1.08    8.31
-297145.772   575.683     0.79    8.63
-296856.860   577.311     5.63    8.57
-296567.937   578.227     3.17    8.49
-296279.002   578.754     1.82    9.07
-295990.055   579.845     3.77    8.61
-295701.096   580.950     3.82    7.59
-295412.126   582.761     6.27    8.77
-295123.145   582.761     0.00    9.62
-294834.151   579.273   -12.07   12.15
-294545.146   574.534   -16.39   14.99
-294256.129   569.011   -19.11   15.33
-293967.100   567.473    -5.32   15.94
-293678.060   565.479    -6.90   16.77
-293389.008   565.567     0.30   18.01
-293099.945   563.392    -7.52   19.10
-292810.869   564.824     4.95   18.55
-292521.782   566.480     5.73   17.51
-292232.683   571.511    17.40   19.17
-291943.573   576.386    16.86   21.41
-291654.451   580.726    15.01   21.81
-291365.317   586.576    20.23   21.17
-291076.171   585.793    -2.71   21.06
-290787.014   581.888   -13.50   24.26
-290497.844   574.273   -26.33   25.99
-290208.664   566.027   -28.51   24.27
-289919.471   555.965   -34.79   16.03
-289630.267   552.045   -13.55   10.30
-289341.051   552.668     2.15   11.57
-289051.823   556.325    12.64   11.24
-288762.583   558.451     7.35   10.94
-288473.332   557.608    -2.91   11.11
-288184.069   555.640    -6.80   12.86
-287894.794   550.995   -16.06   12.99
-287605.508   547.199   -13.12   13.01
-287316.210   541.288   -20.43   11.71
-287026.900   535.594   -19.68   10.02
-286737.578   531.739   -13.32    9.82
-286448.244   529.458    -7.88   10.37
-286158.899   528.479    -3.38   10.50
-285869.542   527.269    -4.18   10.49
-285580.173   525.678    -5.50    9.91
-285290.793   524.418    -4.35   10.41
-285001.400   524.196    -0.77   10.81
-284711.996   522.869    -4.59   10.25
-284422.580   520.302    -8.87    8.35
-284133.153   520.730     1.48    8.64
-283843.713   521.802     3.70   10.19
-283554.262   526.234    15.31   12.34
-283264.799   530.621    15.15   12.33
-282975.324   535.350    16.33   12.01
-282685.838   536.900     5.35   10.86
-282396.339   539.544     9.13   11.65
-282106.829   540.543     3.45   11.96
-281817.307   541.933     4.80   12.15
-281527.774   541.746    -0.65   11.28
-281238.228   543.504     6.07   11.28
-280948.671   545.488     6.85   10.97
-280659.102   546.110     2.15   10.39
-280369.521   545.381    -2.52   10.04
-280079.928   544.371    -3.49    8.71
-279790.323   542.558    -6.26    8.09
-279500.707   540.765    -6.19    8.00
-279211.079   538.860    -6.58    6.94
-278921.439   536.928    -6.67    7.49
-278631.787   534.808    -7.32    7.98
-278342.123   532.528    -7.87    7.15
-278052.448   530.242    -7.89    6.52
-277762.760   529.734    -1.75    6.72
-277473.061   529.543    -0.66    6.78
-277183.350   529.376    -0.57    6.81
-276893.628   529.405     0.10    6.52
-276603.893   531.221     6.27    9.08
-276314.147   538.011    23.43   24.78
-276024.388   548.473    36.10   38.95
-275734.618   560.496    41.48   46.20
-275444.836   571.392    37.60   48.13
-275155.042   585.138    47.42   49.15
-274865.237   599.694    50.22   49.03
-274575.419   611.355    40.23   47.65
-274285.590   617.715    21.94   45.58
-273995.748   622.152    15.31   43.41
-273705.895   631.058    30.72   42.93
-273416.030   639.608    29.49   44.64
-273126.154   648.572    30.92   42.64
-272836.265   656.392    26.97   41.74
-272546.364   659.605    11.08   36.17
-272256.452   662.581    10.26   33.98
-271966.640   665.933    11.57   32.52
-271679.253   664.866    -3.71   31.35
-271391.854   659.746   -17.81   36.36
-271104.444   652.847   -24.00   39.53
-270817.022   646.365   -22.55   39.47
-270529.588   640.642   -19.91   33.66
-270242.143   636.769   -13.47   28.60
-269954.686   633.981    -9.70   23.73
-269667.217   632.465    -5.27   24.24
-269379.737   630.945    -5.29   27.51
-269092.245   626.121   -16.78   31.18
-268804.741   612.739   -46.54   33.41
-268517.226   600.827   -41.42   31.38
-268229.699   591.042   -34.02   24.01
-267942.160   583.375   -26.66   13.21
-267654.610   581.157    -7.71   10.75
-267367.048   580.873    -0.99   11.10
-267079.474   581.599     2.52   11.06
-266791.889   582.433     2.90   10.26
-266504.292   585.574    10.92   11.27
-266216.683   593.965    29.17   22.50
-265929.063   611.011    59.26   44.03
-265641.430   639.980   100.69   72.78
-265353.787   678.472   133.79   97.69
-265066.131   723.496   156.49  105.92
-264778.464   768.152   155.21   97.48
-264490.785   810.734   147.99   74.67
-264203.095   838.821    97.61   45.67
-263915.393   846.253    25.83   38.01
-263627.679   825.708   -71.39   61.55
-263339.953   793.802  -110.87   80.42
-263052.216   755.734  -132.27   85.84
-262764.467   722.088  -116.91   81.26
-262476.706   691.345  -106.82   64.63
-262188.934   667.134   -84.11   39.22
-261901.150   651.621   -53.90   17.52
-261613.354   645.795   -20.24    9.52
-261325.546   642.527   -11.35    8.22
-261037.727   639.116   -11.85    8.74
-260749.896   636.936    -7.57    8.44
-260462.053   634.239    -9.37    9.18
-260174.199   631.258   -10.35    9.55
-259886.332   627.946   -11.50    9.75
-259598.454   625.596    -8.16   10.27
-259310.565   621.855   -12.99   10.90
-259022.663   617.871   -13.84   11.95
-258734.750   613.196   -16.23   11.55
-258446.825   609.138   -14.09   12.59
-258158.889   603.802   -18.53   13.72
-257870.940   599.402   -15.28   15.49
-257582.980   594.028   -18.66   16.69
-257295.008   587.980   -21.00   25.04
-257007.025   577.042   -37.97   32.22
-256719.030   567.334   -33.70   35.65
-256431.022   560.808   -22.66   35.01
-256143.004   551.786   -31.32   32.00
-255854.973   548.087   -12.84   30.95
-255566.930   545.710    -8.25   28.40
-255278.876   547.261     5.39   29.19
-254990.810   554.411    24.82   30.71
-254702.733   563.658    32.09   26.88
-254414.643   569.313    19.63   21.40
-254126.542   570.605     4.48   18.38
-253838.429   568.561    -7.09   17.60
-253550.304   566.087    -8.59   18.99
-253262.168   564.905    -4.10   20.57
-252974.019   562.653    -7.81   22.33
-252685.859   561.719    -3.24   21.87
-252397.687   562.386     2.32   21.05
-252109.503   565.211     9.80   18.63
-251821.308   569.636    15.35   14.31
-251533.101   570.708     3.72   14.64
-251244.881   567.814   -10.04   19.29
-250956.651   566.919    -3.11   20.43
-250668.408   566.340    -2.01   24.81
-250380.153   561.503   -16.77   26.91
-250091.887   552.186   -32.32   25.45
-249803.609   541.246   -37.94   22.54
-249515.319   531.288   -34.53   24.52
-249227.017   524.288   -24.28   26.87
-248938.704   513.371   -37.86   22.17
-248650.378   505.980   -25.63   14.11
-248362.041   504.339    -5.69   13.71
-248073.692   504.590     0.87   14.76
-247785.331   507.284     9.34   16.71
-247496.959   508.011     2.52   17.39
-247208.574   507.057    -3.31   18.33
-246920.178   503.104   -13.70   21.14
-246631.769   495.028   -28.00   22.00
-246343.349   488.136   -23.89   22.46
-246054.918   480.181   -27.58   21.07
-245766.474   472.693   -25.95   18.41
-245478.018   465.288   -25.67   20.55
-245189.551   458.504   -23.52   25.44
-244901.072   451.334   -24.85   28.39
-244612.581   444.890   -22.33   27.46
-244324.078   440.592   -14.90   24.82
-244035.563   436.699   -13.49   17.60
-243747.036   437.421     2.50   15.31
-243458.498   440.605    11.04   14.67
-243169.948   443.902    11.42   11.53
-242881.385   446.361     8.52    8.86
-242592.811   449.599    11.22    8.14
-242304.225   450.853     4.34    6.91
-242015.628   452.138     4.45    5.92
-241727.018   452.886     2.59    5.39
-241438.396   453.424     1.86    4.96
-241149.763   452.334    -3.78    6.30
-240861.118   450.239    -7.26    8.10
-240572.460   447.802    -8.44    9.14
-240283.791   445.105    -9.34   10.22
-239995.110   441.648   -11.97   10.60
-239706.417   437.858   -13.13    9.53
-239417.713   435.636    -7.69    8.08
-239128.996   435.442    -0.67    8.85
-238840.268   436.611     4.05   10.88
-238551.527   436.905     1.02   12.39
-238262.775   436.952     0.16   12.60
-237974.011   438.284     4.61   12.37
-237685.234   439.817     5.31   11.24
-237396.446   439.683    -0.46   11.57
-237107.646   438.795    -3.08   10.35
-236818.835   435.605   -11.04   13.69
-236530.011   431.842   -13.03   16.00
-236241.175   426.965   -16.88   19.03
-235952.327   422.211   -16.45   19.26
-235663.468   415.550   -23.06   18.05
-235374.596   410.157   -18.67   13.46
-235085.713   404.837   -18.41   12.25
-234796.818   401.170   -12.69   12.12
-234507.910   395.611   -19.24   11.25
-234218.991   392.511   -10.73   10.40
-233930.060   388.966   -12.27    8.76
-233641.117   385.496   -12.01    6.26
-233352.162   384.274    -4.23    5.35
-233063.195   383.074    -4.15    5.29
-232774.216   382.633    -1.53    5.05
-232485.226   382.421    -0.73    5.50
-232196.223   382.133    -1.00    5.58
-231907.208   381.534    -2.07    6.18
-231618.181   381.245    -1.00    6.21
-231329.143   380.855    -1.35    6.17
-231040.092   380.704    -0.52    6.10
-230751.030   379.534    -4.04    6.54
-230461.955   377.211    -8.03    6.48
-230172.869   374.734    -8.57    7.48
-229883.770   372.205    -8.75    8.58
-229594.660   368.981   -11.15    8.27
-229305.537   367.415    -5.42    7.36
-229016.403   368.107     2.39    8.72
-228727.257   369.360     4.33   10.11
-228438.098   371.168     6.25   11.28
-228148.928   371.646     1.66   11.95
-227859.746   372.186     1.87   11.98
-227570.552   370.757    -4.94   12.36
-227281.345   368.496    -7.82   11.95
-226992.127   365.519   -10.29   10.33
-226702.897   363.304    -7.66    8.75
-226413.655   362.218    -3.75    7.99
-226124.400   361.350    -3.00    7.87
-225835.134   361.345    -0.02    8.04
-225545.856   360.281    -3.68    5.88
-225256.566   359.730    -1.90    5.45
-224967.263   359.919     0.65    5.37
-224677.949   359.966     0.16    5.56
-224388.623   359.699    -0.92    5.65
-224099.285   360.324     2.16    6.13
-223809.934   361.011     2.38    6.45
-223520.572   360.950    -0.21    6.37
-223231.198   358.981    -6.80    7.39
-222941.811   357.565    -4.89    7.15
-222652.413   357.293    -0.94    6.62
-222363.003   357.117    -0.61    6.04
-222073.580   357.560     1.53    6.41
-221784.146   359.258     5.86    6.86
-221494.699   361.796     8.77    7.42
-221205.241   364.888    10.68    6.99
-220915.770   367.449     8.84    6.95
-220626.287   370.769    11.47    7.04
-220336.793   372.699     6.66    6.98
-220047.286   375.173     8.54    6.14
-219757.767   376.980     6.24    6.11
-219468.237   379.345     8.17    7.03
-219178.694   381.574     7.70    7.07
-218889.139   384.916    11.54    8.96
-218599.572   388.527    12.47    9.99
-218309.993   393.076    15.71   11.16
-218020.402   398.688    19.38   12.43
-217730.799   404.239    19.16   14.56
-217441.183   409.817    19.26   15.96
-217151.556   416.873    24.36   17.87
-216861.917   426.558    33.43   24.34
-216572.265   437.711    38.50   33.04
-216282.602   461.488    82.07   54.42
-215992.926   477.429    55.02   55.93
-215703.238   495.314    61.73   54.42
-215413.539   512.542    59.46   50.00
-215123.827   531.273    64.64   39.93
-214834.103   539.899    29.77   27.08
-214544.367   541.652     6.05   23.91
-214254.619   536.558   -17.58   23.81
-213964.858   529.258   -25.19   31.88
-213675.086   520.904   -28.82   37.03
-213385.302   514.250   -22.96   42.87
-213095.505   511.361    -9.97   43.44
-212805.696   503.592   -26.80   41.66
-212515.876   492.853   -37.05   43.62
-212226.043   489.436   -11.79   43.39
-211936.198   496.627    24.81   41.81
-211646.341   496.386    -0.83   39.81
-211356.472   491.104   -18.22   27.85
-211066.590   490.978    -0.43   24.05
-210776.697   493.104     7.33   21.30
-210486.791   494.176     3.70   16.11
-210196.874   493.921    -0.88   15.43
-209906.944   490.235   -12.71   21.30
-209618.646   487.121   -10.80   22.84
-209331.287   479.928   -25.03   18.70
-209043.917   473.871   -21.08   16.47
-208756.535   466.565   -25.42   16.47
-208469.140   462.933   -12.64   18.15
-208181.734   462.981     0.16   20.55
-207894.316   460.543    -8.48   22.38
-207606.887   452.479   -28.05   23.02
-207319.445   444.871   -26.47   23.81
-207031.991   439.350   -19.20   25.31
-206744.525   434.138   -18.13   26.03
-206457.048   427.781   -22.11   24.95
-206169.558   416.350   -39.75   18.36
-205882.057   408.183   -28.40   11.57
-205594.544   401.802   -22.19   13.61
-205307.019   395.314   -22.56   16.15
-205019.482   388.392   -24.07   16.15
-204731.933   381.058   -25.50   15.80
-204444.372   373.965   -24.66   14.41
-204156.799   369.587   -15.22   13.62
-203869.214   365.949   -12.65   14.85
-203581.617   360.496   -18.96   16.39
-203294.009   355.178   -18.49   18.81
-203006.388   345.519   -33.58   22.27
-202718.756   336.011   -33.05   25.29
-202431.111   324.451   -40.18   25.38
-202143.455   313.845   -36.87   27.41
-201855.786   302.781   -38.46   24.10
-201568.106   294.447   -28.96   24.38
-201280.414   290.261   -14.55   27.73
-200992.710   285.230   -17.49   28.19
-200704.993   279.293   -20.63   28.28
-200417.265   274.011   -18.35   25.77
-200129.525   268.855   -17.92   20.62
-199841.773   268.777    -0.27   20.33
-199554.009   267.866    -3.16   15.58
-199266.233   273.981    21.24   22.53
-198978.445   286.239    42.59   34.39
-198690.646   297.405    38.79   35.60
-198402.834   309.284    41.27   37.55
-198115.010   320.011    37.26   34.16
-197827.174   329.111    31.61   29.67
-197539.326   331.840     9.48   26.04
-197251.466   332.950     3.86   22.53
-196963.595   326.436   -22.63   26.57
-196675.711   312.996   -46.68   33.20
-196387.815   297.074   -55.30   38.95
-196099.907   280.392   -57.93   42.10
-195811.988   264.451   -55.36   41.46
-195524.056   247.882   -57.53   35.37
-195236.112   232.121   -54.73   22.57
-194948.157   223.642   -29.44   16.62
-194660.189   217.642   -20.83   11.07
-194372.209   213.574   -14.12    9.20
-194084.217   210.528   -10.58    8.44
-193796.214   206.730   -13.18    6.53
-193508.198   203.995    -9.49    5.72
-193220.170   201.583    -8.37    5.75
-192932.130   199.921    -5.77    5.62
-192644.079   198.411    -5.24    5.13
-192356.015   197.652    -2.64    5.43
-192067.939   197.058    -2.06    5.87
-191779.851   196.661    -1.37    5.91
-191491.751   197.855     4.14    7.82
-191203.639   203.041    18.00   17.92
-190915.515   206.542    12.15   23.42
-190627.379   208.161     5.62   24.82
-190339.231   207.324    -2.90   26.05
-190051.071   205.461    -6.46   26.91
-189762.899   200.519   -17.15   23.09
-189474.715   194.242   -21.78   19.66
-189186.519   187.340   -23.95   14.49
-188898.311   182.734   -15.98    9.59
-188610.090   179.324   -11.83    6.31
-188321.858   176.640    -9.31    5.91
-188033.614   173.574   -10.64    6.26
-187745.357   170.980    -9.00    6.60
-187457.089   169.136    -6.39    6.27
-187168.808   167.565    -5.45    5.87
-186880.515   166.858    -2.45    4.99
-186592.211   166.951     0.32    4.79
-186303.894   167.979     3.57    4.97
-186015.565   169.375     4.84    4.09
-185727.224   170.496     3.89    3.51
-185438.871   170.227    -0.93    3.72
-185150.506   169.996    -0.80    3.99
-184862.129   169.163    -2.89    4.24
-184573.739   168.308    -2.96    3.56
-184285.338   168.196    -0.39    3.77
-183996.925   169.689     5.18    4.78
-183708.499   174.319    16.05   14.09
-183420.062   184.890    36.64   31.16
-183131.612   199.855    51.87   44.03
-182843.150   212.871    45.11   48.07
-182554.676   225.011    42.08   47.55
-182266.190   229.234    14.63   44.96
-181977.692   229.689     1.58   41.62
-181689.182   222.261   -25.74   40.90
-181400.659   209.808   -43.16   36.21
-181112.125   198.371   -39.63   23.68
-180823.578   190.869   -26.00   11.38
-180535.020   190.617    -0.87   14.51
-180246.449   192.479     6.45   20.66
-179957.866   191.765    -2.47   20.98
-179669.271   189.830    -6.71   21.55
-179380.664   187.041    -9.66   21.86
-179092.045   184.355    -9.31   22.24
-178803.413   178.534   -20.16   16.14
-178514.770   174.011   -15.67    6.80
-178226.114   170.793   -11.15    5.90
-177937.446   167.788   -10.41    5.75
-177648.766   165.057    -9.46    5.27
-177360.074   163.208    -6.40    5.12
-177071.370   160.996    -7.66    4.92
-176782.653   159.092    -6.59    4.45
-176493.925   157.371    -5.96    4.56
-176205.184   161.567    14.53   18.17
-175916.431   162.058     1.70   21.20
-175627.666   160.458    -5.54   21.88
-175338.889   158.230    -7.71   22.92
-175050.100   155.565    -9.23   23.67
-174761.298   153.834    -5.99   24.94
-174472.485   150.150   -12.75   24.47
-174183.659   142.345   -27.02    8.57
-173894.821   140.370    -6.84    8.05
-173605.970   138.572    -6.22    8.17
-173317.108   136.042    -8.76    5.50
-173028.234   134.111    -6.68    3.94
-172739.347   133.605    -1.75    5.98
-172450.448   132.340    -4.38    6.40
-172161.537   131.381    -3.32    6.72
-171872.614   128.996    -8.25    4.68
-171583.678   126.933    -7.14    5.14
-171294.731   124.753    -7.54    5.42
-171005.771   121.739   -10.43    6.99
-170716.799   119.963    -6.14    6.97
-170427.814   118.246    -5.94    6.55
-170138.818   117.871    -1.30    6.24
-169849.809   117.688    -0.63    6.71
-169560.789   117.458    -0.80    6.91
-169271.756   117.963     1.75    7.24
-168982.710   118.208     0.85    6.80
-168693.653   117.456    -2.60    6.46
-168404.583   115.919    -5.32    5.87
-168115.501   115.211    -2.45    5.49
-167826.407   114.284    -3.21    5.15
-167537.301   113.463    -2.84    4.77
-167248.182   113.277    -0.64    4.67
-166959.051   113.126    -0.52    4.88
-166669.908   113.345     0.76    5.04
-166380.753   113.350     0.02    5.12
-166091.586   113.627     0.96    4.86
-165802.406   113.250    -1.30    4.76
-165513.214   112.936    -1.09    4.28
-165224.010   113.269     1.15    3.81
-164934.793   113.965     2.41    3.37
-164645.564   115.288     4.57    4.41
-164356.323   117.365     7.18    6.00
-164067.070   120.183     9.74    6.56
-163777.805   123.866    12.73    7.49
-163488.527   126.193     8.04    7.02
-163199.237   128.576     8.24    6.45
-162909.935   130.558     6.85    6.46
-162620.620   134.919    15.07   10.62
-162331.294   139.587    16.13   14.81
-162041.955   141.886     7.95   15.45
-161752.603   141.058    -2.86   17.06
-161463.240   140.861    -0.68   18.37
-161173.864   138.708    -7.44   22.05
-160884.476   136.385    -8.03   22.96
-160595.075   133.041   -11.55   23.66
-160305.663   130.258    -9.62   25.92
-160016.238   133.734    12.01   35.63
-159726.800   132.124    -5.56   36.18
-159437.351   133.088     3.33   37.24
-159147.889   127.581   -19.03   28.99
-158858.415   127.814     0.81   25.07
-158568.928   127.334    -1.66   21.76
-158279.430   128.043     2.45   20.05
-157989.919   138.436    35.89   37.80
-157700.395   147.205    30.29   49.84
-157410.860   166.534    66.75   63.44
-157121.312   188.663    76.42   70.55
-156831.752   202.814    48.87   72.33
-156542.179   205.365     8.81   70.19
-156252.594   200.042   -18.38   69.59
-155962.997   191.728   -28.71   68.91
-155673.387   171.178   -70.95   66.09
-155383.765   154.340   -58.13   61.93
-155094.131   133.663   -71.38   43.15
-154804.485   122.892   -37.18   27.10
-154514.826   117.371   -19.06   12.53
-154225.155   116.399    -3.36   11.14
-153935.471   115.827    -1.97   11.13
-153645.776   114.949    -3.03   11.32
-153356.067   112.073    -9.93    5.55
-153066.347   110.519    -5.36    3.95
-152776.614   110.535     0.06    3.74
-152486.869   110.627     0.32    4.31
-152197.111   112.140     5.22    4.65
-151907.341   113.511     4.73    4.94
-151617.559   114.436     3.19    4.39
-151327.764   114.788     1.21    4.03
-151037.957   114.724    -0.22    4.12
-150748.138   114.534    -0.65    3.87
-150458.306   114.395    -0.48    3.61
-150168.462   113.746    -2.24    3.11
-149878.606   113.235    -1.76    2.73
-149588.737   112.466    -2.65    2.56
-149298.856   111.832    -2.19    2.90
-149008.962   110.699    -3.91    3.19
-148719.057   109.405    -4.46    2.92
-148429.138   108.088    -4.54    2.81
-148139.208   106.824    -4.36    2.71
-147849.264   105.473    -4.66    2.73
-147559.890   104.334    -3.93    2.61
-147272.579   103.449    -3.08    2.84
-146985.256   102.673    -2.70    2.87
-146697.921   101.710    -3.35    3.02
-146410.574   101.073    -2.22    3.32
-146123.214    99.875    -4.17    3.52
-145835.843    98.847    -3.58    3.58
-145548.459    97.414    -4.99    3.75
-145261.063    96.117    -4.51    3.34
-144973.655    94.861    -4.37    3.28
-144686.235    93.652    -4.21    3.12
-144398.803    92.355    -4.51    3.10
-144111.359    91.427    -3.23    3.04
-143823.902    90.550    -3.05    3.33
-143536.433    89.590    -3.34    3.39
-143248.953    88.742    -2.95    3.74
-142961.460    88.087    -2.28    3.63
-142673.954    86.964    -3.91    3.54
-142386.437    85.949    -3.53    3.40
-142098.907    84.966    -3.42    3.16
-141811.366    83.858    -3.85    3.01
-141523.812    82.932    -3.22    2.65
-141236.246    82.091    -2.93    2.47
-140948.667    81.102    -3.44    2.40
-140661.077    80.157    -3.29    2.39
-140373.474    79.104    -3.66    2.66
-140085.859    78.193    -3.17    2.59
-139798.232    77.572    -2.16    2.40
-139510.593    77.340    -0.81    2.17
-139222.942    77.433     0.33    2.32
-138935.278    78.028     2.07    2.57
-138647.602    78.761     2.55    2.62
-138359.914    79.458     2.42    2.50
-138072.214    79.761     1.06    2.42
-137784.502    80.288     1.83    2.07
-137496.777    80.504     0.75    1.99
-137209.040    80.592     0.31    1.86
-136921.291    80.433    -0.55    1.67
-136633.530    80.183    -0.87    1.71
-136345.757    79.950    -0.81    1.82
-136057.971    79.754    -0.68    1.83
-135770.173    79.527    -0.79    1.76
-135482.363    79.242    -0.99    1.77
-135194.540    78.753    -1.70    2.07
-134906.706    78.642    -0.39    2.00
-134618.859    78.449    -0.67    1.99
-134331.000    78.299    -0.52    2.07
-134043.129    78.365     0.23    2.03
-133755.245    78.678     1.09    2.42
-133467.349    78.646    -0.11    2.84
-133179.441    78.542    -0.36    3.24
-132891.521    78.560     0.06    3.32
-132603.588    78.608     0.17    3.21
-132315.644    78.565    -0.15    3.27
-132027.686    78.365    -0.69    3.19
-131739.717    77.918    -1.55    2.48
-131451.736    77.979     0.21    1.86
-131163.742    77.830    -0.52    1.86
-130875.736    77.705    -0.43    2.08
-130587.717    77.396    -1.07    2.23
-130299.687    76.860    -1.86    2.46
-130011.644    76.385    -1.65    2.59
-129723.589    75.890    -1.72    2.55
-129435.521    75.334    -1.93    2.42
-129147.442    74.995    -1.18    2.40
-128859.350    74.465    -1.84    2.25
-128571.245    74.399    -0.23    2.01
-128283.129    74.176    -0.78    2.06
-127995.000    74.102    -0.25    2.13
-127706.859    73.769    -1.16    2.36
-127418.705    73.769     0.00    3.33
-127130.540    75.334     5.43   11.51
-126842.362    77.440     7.31   18.40
-126554.171    79.134     5.88   21.88
-126265.969    79.739     2.10   21.72
-125977.754    77.104    -9.14   15.96
-125689.526    77.557     1.57   15.71
-125401.287    75.913    -5.70    7.23
-125113.035    75.860    -0.18    5.87
-124824.771    76.793     3.24    7.53
-124536.494    77.375     2.02    7.73
-124248.206    77.519     0.50    7.50
-123959.904    78.405     3.07    9.78
-123671.591    77.576    -2.88    8.92
-123383.265    77.496    -0.28    9.02
-123094.927    77.511     0.05    9.04
-122806.577    76.699    -2.82    7.12
-122518.214    77.814     3.87    9.43
-122229.839    77.011    -2.78    8.50
-121941.451    78.090     3.74   11.82
-121653.052    76.519    -5.44    5.65
-121364.640    76.355    -0.57    5.50
-121076.215    75.170    -4.11    3.51
-120787.778    75.265     0.33    3.65
-120499.329    74.981    -0.99    3.61
-120210.868    75.168     0.65    3.70
-119922.394    75.107    -0.21    3.86
-119633.908    75.119     0.04    3.92
-119345.409    74.578    -1.88    3.46
-119056.898    74.587     0.03    3.35
-118768.375    74.191    -1.37    2.83
-118479.839    74.265     0.26    2.50
-118191.291    74.193    -0.25    2.35
-117902.731    74.242     0.17    2.40
-117614.158    74.399     0.54    2.85
-117325.573    74.550     0.52    3.11
-117036.975    74.933     1.33    3.36
-116748.365    75.242     1.07    3.69
-116459.743    75.663     1.46    3.99
-116171.108    75.884     0.77    4.09
-115882.461    75.981     0.33    4.12
-115593.802    76.173     0.67    4.16
-115305.130    75.934    -0.83    4.04
-115016.446    75.668    -0.92    4.05
-114727.749    75.421    -0.86    3.99
-114439.040    75.429     0.03    3.78
-114150.319    75.168    -0.91    3.79
-113861.585    74.961    -0.71    3.07
-113572.838    74.565    -1.37    2.83
-113284.080    74.304    -0.91    2.83
-112995.309    73.842    -1.60    2.64
-112706.525    73.405    -1.51    2.27
-112417.729    72.936    -1.63    1.93
-112128.921    72.786    -0.52    1.92
-111840.100    72.630    -0.54    1.90
-111551.267    72.527    -0.36    1.98
-111262.422    72.458    -0.24    1.96
-110973.563    72.345    -0.39    1.85
-110684.693    71.860    -1.68    1.52
-110395.810    71.873     0.05    1.58
-110106.915    71.815    -0.20    1.57
-109818.007    71.488    -1.13    1.72
-109529.087    71.073    -1.44    1.76
-109240.154    70.776    -1.03    1.78
-108951.209    70.504    -0.94    1.56
-108662.252    70.208    -1.02    1.66
-108373.282    69.737    -1.63    1.69
-108084.299    69.314    -1.46    1.53
-107795.304    68.866    -1.55    1.65
-107506.297    68.605    -0.90    1.86
-107217.277    68.150    -1.58    1.74
-106928.245    67.860    -1.00    1.70
-106639.200    67.652    -0.72    1.49
-106350.143    67.519    -0.46    1.52
-106061.073    67.224    -1.02    1.69
-105771.991    67.075    -0.51    1.71
-105482.897    66.860    -0.74    1.62
-105193.789    66.611    -0.86    1.59
-104904.670    66.481    -0.45    1.38
-104615.538    66.392    -0.31    1.16
-104326.393    66.355    -0.13    1.42
-104037.236    66.302    -0.18    1.58
-103748.067    66.196    -0.37    1.77
-103458.885    66.466     0.93    2.08
-103169.690    66.581     0.40    2.38
-102880.483    66.869     1.00    2.69
-102591.264    67.181     1.08    2.63
-102302.032    67.630     1.56    2.68
-102012.787    69.456     6.31    6.63
-101723.530    79.519    34.79   33.08
-101434.261    87.511    27.63   46.88
-101144.979    93.246    19.82   53.91
-100855.684    93.737     1.70   53.97
-100566.377    96.693    10.22   57.31
-100277.058    88.882   -27.00   41.28
 -99987.726    85.254   -12.54   31.81
 -99698.381    86.365     3.84   42.38
 -99409.024    87.370     3.47   45.35
 -99119.654    82.261   -17.65   37.87
 -98830.272    78.587   -12.70   34.70
 -98540.877    72.705   -20.32   21.79
 -98251.470    71.399    -4.51   15.78
 -97962.050    72.827     4.93   21.57
 -97672.618    73.919     3.77   23.61
 -97383.173    73.652    -0.92   23.93
 -97093.716    73.931     0.96   24.26
 -96804.246    73.224    -2.44   23.67
 -96514.763    71.673    -5.36   22.66
 -96225.268    68.043   -12.54   16.37
 -95935.761    65.765    -7.87   10.92
 -95646.240    63.827    -6.69    2.32
 -95356.708    63.596    -0.80    2.46
 -95067.162    63.449    -0.51    2.59
 -94777.605    63.228    -0.76    2.64
 -94488.034    62.781    -1.55    2.48
 -94198.451    62.375    -1.40    2.24
 -93908.856    62.161    -0.74    2.27
 -93619.247    62.119    -0.14    2.46
 -93329.627    61.919    -0.69    2.29
 -93039.993    62.107     0.65    2.37
 -92750.348    61.964    -0.49    2.41
 -92460.689    61.761    -0.70    2.43
 -92171.018    61.269    -1.70    2.39
 -91881.334    61.011    -0.89    2.35
 -91591.638    60.726    -0.99    2.37
 -91301.929    60.360    -1.26    2.21
 -91012.208    60.221    -0.48    2.23
 -90722.474    59.799    -1.46    2.48
 -90432.727    59.250    -1.89    2.32
 -90142.968    58.832    -1.44    2.22
 -89853.196    58.481    -1.21    1.98
 -89563.412    57.966    -1.78    1.48
 -89273.615    57.618    -1.20    1.44
 -88983.805    57.648     0.10    1.53
 -88693.983    57.688     0.14    1.53
 -88404.148    57.299    -1.34    1.71
 -88114.301    56.934    -1.26    1.73
 -87824.441    56.302    -2.18    1.67
 -87534.568    55.754    -1.89    1.87
 -87244.682    55.173    -2.00    1.64
 -86954.784    54.796    -1.30    1.79
 -86664.874    54.345    -1.56    1.72
 -86374.951    54.027    -1.10    1.70
 -86085.015    53.565    -1.59    1.72
 -85795.066    53.288    -0.96    1.81
 -85505.105    53.178    -0.38    1.89
 -85217.276    52.799    -1.32    1.73
 -84929.992    52.444    -1.24    1.78
 -84642.695    52.541     0.34    2.05
 -84355.386    52.842     1.05    2.48
 -84068.065    52.921     0.27    2.71
 -83780.731    52.646    -0.95    2.67
 -83493.385    52.821     0.61    2.60
 -83206.026    52.919     0.34    2.66
 -82918.655    52.873    -0.16    2.74
 -82631.272    52.310    -1.96    2.59
 -82343.876    51.653    -2.28    2.23
 -82056.468    51.136    -1.80    1.93
 -81769.048    50.678    -1.59    1.78
 -81481.615    50.396    -0.98    1.66
 -81194.169    50.319    -0.27    1.67
 -80906.712    50.284    -0.12    1.64
 -80619.241    50.350     0.23    1.59
 -80331.759    50.621     0.94    1.49
 -80044.264    50.837     0.75    1.43
 -79756.756    50.799    -0.13    1.54
 -79469.237    50.678    -0.42    1.63
 -79181.704    50.365    -1.09    1.76
 -78894.160    50.208    -0.55    1.74
 -78606.602    50.027    -0.63    1.79
 -78319.033    49.527    -1.74    1.55
 -78031.451    49.140    -1.34    1.25
 -77743.857    48.875    -0.92    1.24
 -77456.250    48.850    -0.09    1.20
 -77168.630    48.663    -0.65    1.23
 -76880.999    48.429    -0.81    1.32
 -76593.354    48.265    -0.57    1.24
 -76305.698    48.026    -0.83    1.32
 -76018.029    47.873    -0.53    1.36
 -75730.347    47.786    -0.30    1.42
 -75442.653    47.396    -1.35    1.55
 -75154.947    47.121    -0.96    1.53
 -74867.228    46.981    -0.49    1.47
 -74579.496    46.754    -0.79    1.36
 -74291.753    46.574    -0.63    1.21
 -74003.996    46.427    -0.51    1.32
 -73716.228    46.253    -0.60    1.33
 -73428.446    46.042    -0.73    1.35
 -73140.653    45.713    -1.14    1.56
 -72852.846    45.295    -1.45    1.61
 -72565.028    44.982    -1.09    1.65
 -72277.196    44.845    -0.48    1.58
 -71989.353    44.786    -0.21    1.64
 -71701.497    45.405     2.15    2.14
 -71413.628    45.488     0.29    2.48
 -71125.747    45.761     0.95    2.62
 -70837.853    45.936     0.61    2.65
 -70549.947    45.830    -0.37    2.65
 -70262.029    45.886     0.20    2.97
 -69974.098    45.710    -0.61    2.99
 -69686.154    45.314    -1.37    2.91
 -69398.198    44.789    -1.82    2.58
 -69110.229    44.473    -1.10    2.41
 -68822.248    44.011    -1.60    2.41
 -68534.254    43.739    -0.95    2.09
 -68246.248    43.673    -0.23    1.86
 -67958.230    43.504    -0.59    1.91
 -67670.198    43.334    -0.59    1.87
 -67382.155    43.104    -0.80    1.76
 -67094.098    42.814    -1.00    1.53
 -66806.030    42.739    -0.26    1.45
 -66517.948    42.504    -0.82    1.47
 -66229.854    42.511     0.03    1.37
 -65941.748    42.299    -0.74    1.36
 -65653.629    41.947    -1.22    1.28
 -65365.498    41.704    -0.84    1.51
 -65077.354    41.648    -0.19    1.51
 -64789.197    41.405    -0.84    1.30
 -64501.028    41.390    -0.05    1.34
 -64212.846    41.273    -0.41    1.42
 -63924.652    41.045    -0.79    1.68
 -63636.446    40.858    -0.65    1.50
 -63348.226    40.608    -0.86    1.52
 -63059.994    40.519    -0.31    1.71
 -62771.750    40.360    -0.55    1.82
 -62483.493    40.101    -0.90    1.75
 -62195.223    39.884    -0.75    1.67
 -61906.941    39.719    -0.57    1.57
 -61618.647    39.824     0.36    1.65
 -61330.339    39.596    -0.79    1.56
 -61042.020    39.724     0.44    1.36
 -60753.687    39.758     0.12    1.42
 -60465.342    39.581    -0.61    1.47
 -60176.985    39.728     0.51    1.58
 -59888.614    39.642    -0.30    1.59
 -59600.232    39.673     0.11    1.54
 -59311.836    39.922     0.86    1.76
 -59023.428    39.796    -0.44    2.03
 -58735.008    39.965     0.59    2.21
 -58446.575    39.882    -0.29    2.43
 -58158.129    39.739    -0.50    2.50
 -57869.671    39.382    -1.24    2.61
 -57581.200    39.119    -0.91    2.49
 -57292.716    38.796    -1.12    2.24
 -57004.220    39.058     0.91    2.27
 -56715.711    38.875    -0.63    2.16
 -56427.190    38.640    -0.81    2.14
 -56138.656    38.542    -0.34    2.13
 -55850.109    38.183    -1.24    1.98
 -55561.550    37.860    -1.12    1.68
 -55272.978    37.719    -0.49    1.66
 -54984.394    37.330    -1.35    1.66
 -54695.796    37.058    -0.94    1.57
 -54407.187    36.663    -1.37    1.40
 -54118.564    36.350    -1.08    1.45
 -53829.929    36.116    -0.81    1.50
 -53541.282    35.951    -0.57    1.64
 -53252.621    35.602    -1.21    1.66
 -52963.948    35.371    -0.80    1.58
 -52675.263    35.318    -0.18    1.34
 -52386.564    35.284    -0.12    1.43
 -52097.853    35.092    -0.67    1.26
 -51809.130    35.208     0.40    1.51
 -51520.394    35.314     0.37    1.35
 -51231.645    35.482     0.58    1.45
 -50942.883    35.299    -0.63    1.67
 -50654.109    35.117    -0.63    1.63
 -50365.322    34.864    -0.88    1.60
 -50076.523    34.673    -0.66    1.61
 -49787.710    34.405    -0.93    1.65
 -49498.886    34.193    -0.73    1.72
 -49210.048    33.890    -1.05    1.65
 -48921.198    33.837    -0.18    1.70
 -48632.335    33.375    -1.60    1.72
 -48343.459    33.076    -1.04    1.74
 -48054.571    32.708    -1.27    1.40
 -47765.670    32.579    -0.45    1.35
 -47476.756    32.370    -0.72    1.28
 -47187.830    32.235    -0.46    1.30
 -46898.891    31.951    -0.98    1.31
 -46609.939    31.778    -0.60    1.44
 -46320.975    31.919     0.49    1.54
 -46031.998    31.858    -0.21    1.45
 -45743.008    31.611    -0.85    1.33
 -45454.005    31.411    -0.69    1.33
 -45164.990    31.442     0.11    1.30
 -44875.962    31.258    -0.64    1.36
 -44586.921    30.996    -0.91    1.33
 -44297.868    30.633    -1.26    1.47
 -44008.801    30.220    -1.43    1.50
 -43719.723    29.820    -1.38    1.60
 -43430.631    29.385    -1.51    1.51
 -43141.527    28.934    -1.56    1.43
 -42852.410    28.578    -1.23    1.39
 -42563.280    28.242    -1.16    1.50
 -42274.137    28.104    -0.48    1.42
 -41984.982    27.830    -0.95    1.35
 -41695.814    27.648    -0.63    1.42
 -41406.633    27.466    -0.63    1.36
 -41117.440    27.218    -0.86    1.63
 -40828.234    27.043    -0.60    1.76
 -40539.015    27.058     0.05    1.79
 -40249.783    26.905    -0.53    1.68
 -39960.538    26.923     0.06    1.74
 -39671.281    26.847    -0.26    1.56
 -39382.011    26.617    -0.79    1.42
 -39092.728    26.745     0.44    1.34
 -38803.433    26.572    -0.60    1.35
 -38514.124    26.504    -0.24    1.37
 -38224.803    26.208    -1.02    1.44
 -37935.469    25.981    -0.79    1.35
 -37646.123    25.950    -0.11    1.32
 -37356.763    25.769    -0.62    1.30
 -37067.391    25.602    -0.58    1.35
 -36778.006    25.246    -1.23    1.19
 -36488.609    25.360     0.39    1.46
 -36199.198    25.325    -0.12    1.52
 -35909.775    25.284    -0.14    1.52
 -35620.339    25.284     0.00    1.53
 -35330.890    25.093    -0.66    1.68
 -35041.428    24.890    -0.70    1.65
 -34751.953    24.704    -0.64    1.69
 -34462.466    24.178    -1.82    1.41
 -34172.966    24.133    -0.16    1.56
 -33883.453    23.796    -1.16    1.68
 -33593.927    23.544    -0.87    1.74
 -33304.389    23.163    -1.31    1.75
 -33014.837    22.918    -0.85    1.78
 -32725.273    22.334    -2.01    1.86
 -32435.696    21.663    -2.32    1.63
 -32146.106    21.284    -1.31    1.68
 -31856.504    20.739    -1.88    1.76
 -31566.888    20.257    -1.66    1.84
 -31277.260    19.781    -1.65    2.03
 -30987.619    19.073    -2.44    2.01
 -30697.965    18.713    -1.24    1.97
 -30408.298    18.242    -1.63    1.80
 -30118.618    17.934    -1.06    1.80
 -29828.926    17.931    -0.01    1.71
 -29539.221    17.814    -0.40    1.56
 -29249.502    17.721    -0.32    1.49
 -28959.771    17.658    -0.22    1.43
 -28670.027    17.678     0.07    1.60
 -28380.271    17.765     0.30    1.48
 -28090.501    17.638    -0.44    1.58
 -27800.719    17.447    -0.66    1.66
 -27510.923    17.436    -0.04    1.75
 -27221.115    17.596     0.55    2.14
 -26931.294    17.594    -0.01    2.22
 -26641.460    17.765     0.59    2.81
 -26351.613    17.845     0.27    3.15
 -26061.754    17.979     0.46    3.55
 -25771.881    17.784    -0.67    3.68
 -25481.996    17.463    -1.11    3.58
 -25192.097    17.527     0.22    3.31
 -24902.186    17.254    -0.94    3.07
 -24612.262    16.811    -1.53    2.80
 -24322.325    16.436    -1.30    2.62
 -24032.375    16.044    -1.35    2.53
 -23742.413    15.572    -1.63    2.29
 -23452.437    15.242    -1.14    2.13
 -23163.459    15.247     0.02    2.07
 -22876.219    15.011    -0.82    2.08
 -22588.966    15.042     0.11    2.23
 -22301.700    15.350     1.07    2.16
 -22014.422    15.451     0.35    2.05
 -21727.131    15.737     1.00    1.78
 -21439.827    15.550    -0.65    1.58
 -21152.511    16.042     1.71    2.48
 -20865.182    16.451     1.42    2.73
 -20577.840    16.581     0.45    2.80
 -20290.486    16.979     1.39    2.82
 -20003.120    17.072     0.32    2.78
 -19715.740    17.334     0.91    2.90
 -19428.348    16.754    -2.02    2.96
 -19140.943    15.832    -3.21    2.57
 -18853.526    15.131    -2.44    2.27
 -18566.096    15.101    -0.10    2.46
 -18278.653    14.581    -1.81    2.35
 -17991.198    14.218    -1.26    2.24
 -17703.730    14.011    -0.72    2.21
 -17416.249    13.827    -0.64    2.21
 -17128.756    13.875     0.17    2.21
 -16841.250    13.981     0.37    2.17
 -16553.731    13.688    -1.02    2.16
 -16266.199    13.350    -1.18    2.54
 -15978.655    12.761    -2.05    3.08
 -15691.099    12.193    -1.98    3.18
 -15403.529    11.542    -2.27    3.25
 -15115.947    10.802    -2.57    2.87
 -14828.352    10.148    -2.28    2.16
 -14540.745     9.950    -0.69    2.11
 -14253.125    10.076     0.44    2.09
 -13965.492    10.133     0.20    2.06
 -13677.846    10.152     0.07    2.08
 -13390.188    10.150    -0.01    2.12
 -13102.517    10.719     1.98    2.71
 -12814.833    10.739     0.07    2.74
 -12527.137    10.858     0.41    2.86
 -12239.428    10.947     0.31    2.91
 -11951.706    10.845    -0.36    3.05
 -11663.971    10.590    -0.89    3.14
 -11376.224     9.981    -2.11    2.65
 -11088.464     9.617    -1.26    2.25
 -10800.691     9.390    -0.79    2.18
 -10512.906     9.181    -0.73    2.09
 -10225.108     8.950    -0.80    2.01
  -9937.297     8.793    -0.55    2.11
  -9649.473     8.855     0.22    2.25
  -9361.637     8.781    -0.26    2.56
  -9073.788     8.572    -0.72    2.54
  -8785.926     8.466    -0.37    2.51
  -8498.052     8.688     0.77    2.57
  -8210.164     8.519    -0.59    2.51
  -7922.264     8.478    -0.14    2.46
  -7634.351     8.073    -1.41    2.39
  -7346.426     7.743    -1.15    1.94
  -7058.488     7.703    -0.14    1.98
  -6770.537     7.663    -0.14    1.98
  -6482.573     7.952     1.00    2.50
  -6194.596     8.230     0.97    2.72
  -5906.607     8.345     0.40    3.19
  -5618.605     8.633     1.00    3.34
  -5330.590     8.922     1.00    3.35
  -5042.562     8.791    -0.45    2.98
  -4754.522     8.847     0.20    3.02
  -4466.469     8.557    -1.01    2.50
  -4178.403     8.595     0.13    2.14
  -3890.324     8.466    -0.45    2.08
  -3602.232     7.871    -2.07    2.23
  -3314.128     7.527    -1.19    1.96
  -3026.011     7.254    -0.95    1.81
  -2737.881     7.027    -0.79    1.67
  -2449.738     6.965    -0.22    1.68
  -2161.583     6.869    -0.33    1.83
  -1873.414     7.319     1.56    1.72
  -1585.233     7.411     0.32    1.81
  -1297.039     6.405    -3.49    3.46
  -1008.833     4.919    -5.16    4.48
   -720.613     3.133    -6.20    4.78
   -432.381     2.496    -2.21    5.06
   -144.136     2.405    -0.31    5.37
    144.122     3.076     2.33    5.79
    432.393     4.436     4.72    5.85
    720.677     6.405     6.83    5.63
   1008.973     8.427     7.01    4.31
   1297.282    10.073     5.71    2.36
   1585.604     9.948    -0.43    2.69
   1873.939    10.087     0.48    2.81
   2162.287    10.108     0.07    2.94
   2450.648     9.936    -0.60    2.72
   2739.021     9.765    -0.59    2.19
   3027.407     9.519    -0.85    2.17
   3315.806     9.411    -0.37    2.55
   3604.218     9.375    -0.13    2.28
   3892.643     9.061    -1.09    2.10
   4181.081     8.951    -0.38    2.02
   4469.531     8.875    -0.26    2.07
   4757.994     8.981     0.37    2.11
   5046.471     8.860    -0.42    1.57
   5334.960     8.630    -0.80    1.69
   5623.462     8.405    -0.78    1.64
   5911.976     8.173    -0.81    1.79
   6200.504     8.086    -0.30    1.60
   6489.045     7.937    -0.52    1.54
   6777.598     7.905    -0.11    1.49
   7066.164     7.758    -0.51    1.31
   7354.743     7.652    -0.37    1.26
   7643.335     7.737     0.30    1.24
   7931.940     7.704    -0.12    1.49
   8220.558     7.840     0.47    1.50
   8509.189     7.663    -0.61    1.67
   8797.832     7.496    -0.58    1.94
   9086.489     7.534     0.13    2.00
   9375.158     7.611     0.27    2.04
   9663.841     7.463    -0.51    2.12
   9952.536     7.199    -0.91    2.14
  10241.244     7.116    -0.29    2.13
  10529.965     7.056    -0.21    1.94
  10818.699     6.982    -0.26    1.85
  11107.445     6.858    -0.43    1.39
  11396.205     6.624    -0.81    1.44
  11684.978     6.421    -0.71    1.40
  11973.763     6.355    -0.23    1.37
  12262.562     6.375     0.07    1.51
  12551.373     6.511     0.47    1.59
  12840.197     6.713     0.70    1.57
  13129.035     6.951     0.82    1.39
  13417.885     6.929    -0.07    1.55
  13706.748     6.708    -0.77    1.70
  13995.624     6.627    -0.28    1.66
  14284.513     6.385    -0.84    1.36
  14573.415     6.527     0.49    1.41
  14862.330     5.765    -2.64    2.32
  15151.257     5.157    -2.11    3.02
  15440.198     4.314    -2.91    3.63
  15729.152     3.793    -1.81    3.62
  16018.119     3.496    -1.03    3.64
  16307.098     3.587     0.31    3.49
  16596.091     3.784     0.68    3.48
  16885.096     4.633     2.94    3.47
  17174.115     4.511    -0.42    3.62
  17463.146     3.875    -2.20    3.87
  17752.191     3.519    -1.23    3.96
  18041.248     3.360    -0.55    3.87
  18330.318     3.965     2.09    4.09
  18619.402     4.781     2.82    4.48
  18908.498     5.884     3.82    4.55
  19197.607     7.719     6.35    3.77
  19486.730     8.965     4.31    2.53
  19775.865     9.496     1.83    2.33
  20065.013     9.633     0.47    2.27
  20354.174     9.330    -1.05    2.34
  20643.349     8.921    -1.41    2.23
  20932.536     8.605    -1.09    2.28
  21221.736     8.011    -2.05    1.94
  21510.949     7.882    -0.45    1.82
  21800.176     8.117     0.81    1.93
  22089.415     8.360     0.84    1.78
  22378.667     8.608     0.86    1.92
  22667.932     8.673     0.22    1.78
  22957.211     8.543    -0.45    1.76
  23246.502     8.360    -0.63    1.84
  23535.806     8.361     0.00    1.99
  23825.123     8.565     0.71    2.28
  24114.454     8.488    -0.27    2.17
  24403.797     8.648     0.55    2.24
  24693.154     9.104     1.58    2.23
  24982.523     9.421     1.09    1.97
  25271.906     9.495     0.26    1.91
  25561.301     9.314    -0.62    1.89
  25850.710     8.981    -1.15    1.91
  26140.131     8.481    -1.73    1.96
  26429.566     7.888    -2.05    1.98
  26719.013     7.361    -1.82    1.42
  27008.474     7.314    -0.16    1.39
  27297.948     7.318     0.01    1.37
  27587.435     7.345     0.09    1.43
  27876.935     7.550     0.71    1.56
  28166.448     7.890     1.18    1.70
  28455.974     8.427     1.85    1.67
  28745.513     8.754     1.13    1.54
  29035.065     9.076     1.11    1.63
  29324.630     9.086     0.03    1.63
  29614.208     9.133     0.16    1.71
  29903.800     9.042    -0.31    1.67
  30193.404     8.904    -0.48    1.72
  30483.022     9.028     0.43    1.97
  30772.652     9.072     0.15    1.90
  31062.296     9.157     0.29    1.84
  31351.953     9.542     1.33    1.87
  31641.622     9.781     0.82    1.87
  31931.305    10.056     0.95    2.14
  32221.001    10.043    -0.05    2.17
  32510.711    10.087     0.15    2.18
  32800.433    10.440     1.22    2.23
  33090.168    10.314    -0.43    2.32
  33379.917    10.117    -0.68    2.23
  33669.678     9.784    -1.15    1.85
  33959.453     9.663    -0.42    2.08
  34249.240     9.592    -0.24    1.99
  34539.041     9.224    -1.27    1.84
  34828.855     9.043    -0.62    1.70
  35118.682     9.072     0.10    1.70
  35408.523     8.904    -0.58    1.81
  35698.376     8.784    -0.41    1.76
  35988.243     8.869     0.29    1.68
  36278.122     8.642    -0.78    1.51
  36568.015     8.596    -0.16    1.42
  36857.921     8.699     0.35    1.31
  37147.840     8.832     0.46    1.53
  37437.772     8.799    -0.11    1.51
  37727.717     8.905     0.37    1.49
  38017.676     8.689    -0.75    1.30
  38307.647     8.444    -0.84    1.20
  38597.632     8.392    -0.18    1.20
  38887.630     8.466     0.25    1.25
  39175.019     8.617     0.53    1.29
  39462.229     9.102     1.69    1.69
  39749.451     9.611     1.77    2.04
  40036.687    10.104     1.71    2.09
  40323.935    10.496     1.37    2.12
  40611.196    10.963     1.62    2.15
  40898.470    11.242     0.97    1.99
  41185.757    11.345     0.36    1.92
  41473.056    11.467     0.43    1.97
  41760.369    11.355    -0.39    1.98
  42047.694    11.193    -0.56    1.81
  42335.033    11.334     0.49    1.84
  42622.384    11.119    -0.75    1.86
  42909.748    10.904    -0.75    2.00
  43197.125    10.269    -2.21    1.87
  43484.515    10.178    -0.32    1.93
  43771.918    10.334     0.54    1.82
  44059.334    10.242    -0.32    1.95
  44346.762    10.253     0.04    1.99
  44634.204    10.638     1.34    2.14
  44921.658    10.847     0.73    2.19
  45209.126    11.306     1.59    2.27
  45496.606    11.421     0.40    2.22
  45784.099    11.769     1.21    2.37
  46071.605    12.221     1.57    2.35
  46359.124    12.345     0.43    2.27
  46646.656    12.511     0.58    2.06
  46934.201    12.381    -0.45    2.14
  47221.759    12.284    -0.34    2.09
  47509.330    12.027    -0.90    2.03
  47796.914    11.966    -0.21    1.97
  48084.510    12.154     0.65    1.95
  48372.120    12.247     0.32    1.98
  48659.742    12.011    -0.82    2.01
  48947.378    11.875    -0.47    2.01
  49235.026    11.769    -0.37    2.05
  49522.688    11.814     0.16    2.20
  49810.362    11.754    -0.21    2.41
  50098.049    11.886     0.46    2.41
  50385.749    12.057     0.59    2.28
  50673.463    12.447     1.36    1.83
  50961.189    12.617     0.59    1.83
  51248.928    12.814     0.68    1.75
  51536.680    12.644    -0.59    1.77
  51824.445    12.608    -0.12    1.73
  52112.223    12.892     0.99    1.94
  52400.014    13.173     0.98    2.23
  52687.818    13.288     0.40    2.31
  52975.635    13.496     0.72    2.20
  53263.465    13.754     0.89    2.11
  53551.308    14.299     1.90    1.84
  53839.164    14.581     0.98    1.54
  54127.033    14.596     0.05    1.37
  54414.915    14.382    -0.74    1.57
  54702.810    14.057    -1.13    1.71
  54990.718    13.534    -1.82    1.74
  55278.639    13.340    -0.67    1.79
  55566.573    13.027    -1.09    1.78
  55854.520    13.011    -0.05    1.83
  56142.479    13.253     0.84    1.87
  56430.452    13.390     0.48    1.84
  56718.438    13.350    -0.14    1.88
  57006.437    13.181    -0.59    1.80
  57294.449    13.026    -0.54    1.78
  57582.474    13.011    -0.05    1.65
  57870.512    12.830    -0.63    1.54
  58158.564    12.730    -0.35    1.50
  58446.628    12.617    -0.39    1.54
  58734.705    12.737     0.42    1.60
  59022.795    13.011     0.95    1.96
  59310.898    13.436     1.47    2.02
  59599.014    13.814     1.31    2.08
  59887.144    14.208     1.37    1.91
  60175.286    14.456     0.86    1.66
  60463.441    14.572     0.40    1.56
  60751.610    14.447    -0.43    1.49
  61039.791    14.708     0.91    1.70
  61327.986    14.858     0.52    1.77
  61616.193    14.862     0.02    1.73
  61904.414    14.842    -0.07    1.72
  62192.648    14.617    -0.78    1.83
  62480.894    14.662     0.16    1.89
  62769.154    14.436    -0.79    1.81
  63057.427    14.163    -0.95    1.72
  63345.713    14.116    -0.16    1.77
  63634.012    14.334     0.76    1.85
  63922.324    14.324    -0.04    1.95
  64210.650    14.269    -0.19    2.02
  64498.988    14.356     0.30    2.07
  64787.339    14.451     0.33    2.41
  65075.704    14.414    -0.13    2.37
  65364.081    14.100    -1.09    2.35
  65652.472    13.862    -0.82    2.21
  65940.876    13.481    -1.32    1.87
  66229.292    13.242    -0.83    1.61
  66517.722    13.230    -0.04    1.37
  66806.165    13.519     1.00    1.42
  67094.621    13.936     1.44    1.43
  67383.091    14.247     1.08    1.58
  67671.573    14.474     0.79    1.55
  67960.069    14.966     1.70    1.70
  68248.577    15.274     1.07    1.53
  68537.099    15.511     0.82    1.47
  68825.634    15.734     0.77    1.66
  69114.182    15.788     0.18    1.73
  69402.743    15.875     0.30    1.74
  69691.317    15.799    -0.26    1.75
  69979.904    15.565    -0.81    1.50
  70268.505    15.237    -1.14    1.75
  70557.118    14.952    -0.99    1.80
  70845.745    14.638    -1.09    1.75
  71134.385    14.232    -1.41    1.60
  71423.038    14.072    -0.55    1.48
  71711.704    13.892    -0.62    1.26
  72000.383    13.963     0.25    1.26
  72289.076    14.421     1.58    1.46
  72577.781    14.811     1.35    1.89
  72866.500    15.265     1.57    2.13
  73155.232    15.526     0.90    2.18
  73443.977    15.847     1.11    2.21
  73732.735    16.102     0.88    2.08
  74021.507    16.028    -0.26    2.00
  74310.291    15.967    -0.21    1.80
  74599.089    15.827    -0.48    1.76
  74887.900    15.658    -0.59    1.69
  75176.724    15.269    -1.35    1.77
  75465.561    14.623    -2.24    2.15
  75754.412    14.057    -1.96    2.38
  76043.275    13.726    -1.15    2.35
  76332.152    13.602    -0.43    2.35
  76621.042    13.734     0.46    2.36
  76909.946    14.041     1.06    2.26
  77198.862    14.027    -0.05    2.07
  77487.791    14.602     1.99    1.73
  77776.734    14.963     1.25    1.23
  78065.690    14.981     0.06    1.28
  78354.659    15.076     0.33    1.34
  78643.642    14.936    -0.49    1.35
  78932.638    14.769    -0.58    1.38
  79221.646    14.817     0.17    1.46
  79510.668    14.967     0.52    1.45
  79799.704    15.124     0.55    1.51
  80088.752    15.314     0.66    1.59
  80377.814    15.793     1.65    1.71
  80666.889    16.072     0.97    1.76
  80955.977    16.227     0.54    1.59
  81245.078    16.208    -0.06    1.60
  81534.193    15.932    -0.96    1.72
  81823.321    15.627    -1.06    1.67
  82112.462    15.196    -1.49    1.51
  82401.616    14.789    -1.41    1.36
  82690.784    14.436    -1.22    1.16
  82979.965    14.396    -0.14    1.14
  83269.159    14.375    -0.07    1.16
  83558.366    14.196    -0.62    1.17
  83847.586    13.996    -0.69    1.18
  84136.820    13.802    -0.67    1.04
  84426.067    13.788    -0.05    1.03
  84715.328    13.683    -0.36    1.02
  85004.601    13.769     0.30    1.10
  85293.888    13.693    -0.26    1.13
  85583.188    13.818     0.43    1.32
  85872.502    13.739    -0.27    2.09
  86161.828    13.769     0.11    2.19
  86451.168    13.784     0.05    2.24
  86740.522    13.842     0.20    2.25
  87029.888    13.907     0.22    2.16
  87319.268    13.949     0.15    2.19
  87608.661    14.011     0.22    2.12
  87898.067    14.496     1.67    1.31
  88187.487    14.949     1.57    1.52
  88476.920    15.802     2.95    2.19
  88766.366    16.208     1.40    2.15
  89055.826    16.602     1.36    2.12
  89345.299    16.949     1.20    2.14
  89634.785    16.953     0.01    2.23
  89924.284    17.060     0.37    2.11
  90213.797    16.936    -0.43    2.16
  90503.323    16.784    -0.52    2.05
  90792.862    16.519    -0.92    1.95
  91082.415    16.488    -0.11    2.06
  91371.981    16.621     0.46    2.05
  91661.561    16.890     0.93    2.34
  91951.153    17.076     0.64    2.35
  92240.759    17.436     1.24    2.41
  92530.379    17.904     1.62    2.47
  92820.011    17.966     0.21    2.51
  93109.657    17.996     0.10    2.42
  93399.317    17.981    -0.05    2.13
  93688.989    18.075     0.32    2.12
  93978.675    17.862    -0.73    2.09
  94268.375    17.875     0.04    1.96
  94558.087    17.877     0.01    1.95
  94847.814    18.027     0.52    2.06
  95137.553    18.237     0.73    2.04
  95427.306    18.542     1.05    1.99
  95717.072    18.621     0.27    1.89
  96006.851    18.739     0.41    1.96
  96296.644    18.663    -0.26    1.93
  96586.451    18.617    -0.16    1.83
  96876.270    18.473    -0.50    1.79
  97166.103    18.350    -0.42    1.68
  97455.950    18.405     0.19    1.64
  97745.809    18.361    -0.15    1.81
  98035.682    18.542     0.62    1.78
  98325.569    18.750     0.72    1.79
  98615.469    19.027     0.95    1.70
  98905.382    18.933    -0.32    1.79
  99195.309    18.345    -2.03    2.02
  99485.249    17.963    -1.32    2.00
  99775.202    17.489    -1.63    1.89
 100065.169    17.295    -0.67    1.74
 100355.149    17.057    -0.82    1.73
 100645.143    16.877    -0.62    1.90
 100935.150    16.963     0.30    1.97
 101223.762    16.966     0.01    2.03
 101510.926    17.090     0.43    2.16
 101798.103    17.330     0.84    2.27
 102085.294    17.750     1.46    2.41
 102372.497    18.208     1.60    2.37
 102659.714    18.811     2.10    2.09
 102946.943    19.134     1.12    1.89
 103234.186    19.193     0.20    1.88
 103521.442    18.902    -1.01    2.06
 103808.711    18.905     0.01    2.07
 104095.993    18.875    -0.11    2.25
 104383.288    18.594    -0.98    2.29
 104670.597    18.310    -0.99    2.21
 104957.918    17.922    -1.35    2.02
 105245.253    18.076     0.54    2.19
 105532.601    18.242     0.58    2.11
 105819.962    18.724     1.68    2.23
 106107.336    18.769     0.16    2.24
 106394.723    18.951     0.63    2.27
 106682.123    19.242     1.01    2.30
 106969.537    19.458     0.75    2.42
 107256.964    19.864     1.41    2.41
 107544.404    20.193     1.15    2.50
 107831.857    20.258     0.22    2.35
 108119.323    20.549     1.01    2.11
 108406.802    20.602     0.19    1.66
 108694.295    20.842     0.83    2.04
 108981.800    20.465    -1.31    2.20
 109269.319    20.375    -0.31    2.29
 109556.851    20.258    -0.41    2.38
 109844.396    20.090    -0.58    2.39
 110131.955    19.638    -1.57    2.48
 110419.526    19.304    -1.16    2.56
 110707.111    19.117    -0.65    2.37
 110994.709    19.134     0.06    2.68
 111282.320    19.830     2.42    3.24
 111569.945    20.091     0.91    3.29
 111857.582    20.280     0.66    3.14
 112145.233    20.193    -0.30    3.23
 112432.897    19.817    -1.31    3.16
 112720.574    19.668    -0.52    3.19
 113008.264    19.611    -0.20    3.21
 113295.968    19.116    -1.72    2.91
 113583.685    19.225     0.38    3.10
 113871.415    19.399     0.61    3.34
 114159.158    19.698     1.04    3.46
 114446.914    20.056     1.24    3.33
 114734.684    19.875    -0.63    2.94
 115022.467    19.905     0.11    2.77
 115310.263    20.011     0.37    2.58
 115598.072    19.980    -0.11    2.24
 115885.895    19.806    -0.61    2.26
 116173.730    19.355    -1.57    2.27
 116461.579    19.087    -0.93    2.26
 116749.442    19.041    -0.16    2.28
 117037.317    19.041     0.00    2.34
 117325.206    18.948    -0.32    1.97
 117613.108    18.842    -0.37    2.00
 117901.023    18.572    -0.94    2.15
 118188.952    18.534    -0.13    2.25
 118476.893    18.673     0.48    2.16
 118764.848    18.653    -0.07    2.21
 119052.817    18.633    -0.07    2.11
 119340.798    18.700     0.23    2.16
 119628.793    18.594    -0.37    2.17
 119916.801    18.104    -1.70    2.04
 120204.822    17.847    -0.89    1.87
 120492.857    17.673    -0.60    1.66
 120780.905    17.602    -0.25    1.45
 121068.966    17.784     0.63    1.62
 121357.040    17.996     0.73    1.72
 121645.128    18.496     1.74    1.63
 121933.229    18.350    -0.51    1.79
 122221.344    18.254    -0.33    2.06
 122509.471    18.288     0.12    2.13
 122797.612    18.330     0.14    2.19
 123085.766    17.980    -1.21    2.09
 123373.934    17.739    -0.84    1.98
 123662.114    17.488    -0.87    1.98
 123950.308    17.261    -0.79    2.09
 124238.516    16.996    -0.92    1.85
 124526.737    16.888    -0.37    1.56
 124814.971    16.663    -0.78    1.57
 125103.218    16.781     0.41    1.67
 125391.478    16.905     0.43    1.93
 125679.752    17.108     0.70    1.99
 125968.040    17.683     1.99    2.34
 126256.340    18.295     2.12    2.59
 126544.654    18.982     2.38    2.74
 126832.981    19.611     2.18    2.85
 127121.322    20.186     1.99    2.79
 127409.676    20.284     0.34    2.61
 127698.043    20.447     0.56    2.62
 127986.424    20.496     0.17    2.30
 128274.818    20.146    -1.22    2.05
 128563.225    19.938    -0.72    2.07
 128851.646    19.773    -0.57    1.83
 129140.080    19.965     0.67    1.95
 129428.527    20.102     0.48    2.04
 129716.988    20.265     0.57    2.06
 130005.462    19.982    -0.98    1.95
 130293.949    20.193     0.73    1.98
 130582.450    20.217     0.08    1.67
 130870.964    20.026    -0.66    1.51
 131159.492    20.133     0.37    1.46
 131448.032    20.189     0.19    1.48
 131736.587    20.273     0.29    1.49
 132025.154    20.411     0.48    1.47
 132313.735    20.683     0.94    1.66
 132602.330    20.832     0.52    1.80
 132890.937    21.057     0.78    1.80
 133179.559    21.235     0.62    1.83
 133468.193    21.561     1.13    1.81
 133756.841    22.071     1.77    2.17
 134045.502    22.504     1.50    2.20
 134334.177    22.864     1.25    2.13
 134622.865    23.280     1.44    2.28
 134911.567    23.678     1.38    1.95
 135200.282    23.919     0.83    1.81
 135489.010    24.170     0.87    1.68
 135777.752    24.617     1.55    1.78
 136066.507    25.056     1.52    1.65
 136355.275    25.114     0.20    1.63
 136644.057    25.295     0.63    1.60
 136932.853    25.585     1.00    1.82
 137221.662    25.837     0.87    1.98
 137510.484    26.208     1.29    2.02
 137799.320    26.617     1.42    2.31
 138088.169    27.085     1.62    2.43
 138377.031    27.614     1.83    2.42
 138665.907    27.698     0.29    2.44
 138954.797    27.638    -0.21    2.44
 139243.700    27.569    -0.24    2.53
 139532.616    27.769     0.69    2.39
 139821.546    27.480    -1.00    2.23
 140110.489    27.788     1.06    2.70
 140399.445    27.892     0.36    2.47
 140688.416    28.131     0.83    2.54
 140977.399    28.350     0.76    2.32
 141266.396    28.503     0.53    2.32
 141555.407    28.459    -0.15    2.39
 141844.431    28.750     1.01    2.31
 142133.468    29.144     1.36    2.28
 142422.519    29.617     1.64    2.40
 142711.583    30.474     2.96    2.61
 143000.661    31.277     2.78    2.39
 143289.752    31.724     1.54    2.08
 143578.857    31.996     0.94    2.02
 143867.975    32.572     1.99    2.16
 144157.107    32.820     0.86    2.04
 144446.252    33.101     0.97    2.14
 144735.411    33.178     0.27    2.21
 145024.583    33.447     0.93    2.26
 145313.769    33.405    -0.14    1.98
 145602.968    33.757     1.22    1.97
 145892.181    34.087     1.14    2.10
 146181.407    34.432     1.19    2.14
 146470.647    34.564     0.46    2.26
 146759.900    34.864     1.04    2.45
 147049.167    35.302     1.51    2.46
 147338.447    35.056    -0.85    2.45
 147627.741    35.181     0.43    2.54
 147917.048    35.041    -0.48    2.43
 148206.369    34.860    -0.63    2.55
 148495.704    34.617    -0.84    2.40
 148785.051    34.572    -0.16    2.29
 149074.413    34.565    -0.02    2.21
 149363.788    34.693     0.44    2.29
 149653.176    34.845     0.52    2.09
 149942.578    34.997     0.53    2.06
 150231.994    35.436     1.52    2.08
 150521.423    35.769     1.15    2.18
 150810.866    36.140     1.28    2.24
 151100.322    36.542     1.39    2.21
 151389.792    36.734     0.67    2.23
 151679.275    36.905     0.59    2.04
 151968.772    37.379     1.64    1.92
 152258.282    37.693     1.09    1.63
 152547.806    37.921     0.79    1.82
 152837.344    38.479     1.93    2.09
 153126.895    38.862     1.32    1.92
 153416.459    39.371     1.76    1.87
 153706.038    39.698     1.13    1.62
 153995.629    39.982     0.98    1.67
 154285.235    40.299     1.10    1.57
 154574.854    40.451     0.52    1.63
 154864.486    40.964     1.77    1.73
 155154.133    41.370     1.40    1.74
 155443.792    41.765     1.37    1.83
 155733.466    42.071     1.06    1.75
 156023.153    42.375     1.05    1.89
 156312.853    42.964     2.03    2.16
 156602.567    43.286     1.11    2.19
 156892.295    43.290     0.02    2.04
