-128888.371    14.726     0.00    1.52
-128600.272    14.750     0.08    1.59
-128312.185    14.742    -0.03    1.69
-128024.111    14.628    -0.39    1.82
-127736.050    14.680     0.18    1.97
-127448.000    14.826     0.51    2.06
-127159.964    14.668    -0.55    2.09
-126871.940    14.656    -0.04    2.03
-126583.928    14.716     0.21    1.90
-126295.928    14.659    -0.20    1.94
-126007.942    14.459    -0.69    1.86
-125719.967    14.265    -0.67    1.91
-125432.005    13.694    -1.98    1.92
-125144.056    13.271    -1.47    1.71
-124856.118    12.921    -1.22    1.75
-124568.194    12.897    -0.08    1.72
-124280.281    12.850    -0.16    1.85
-123992.382    12.874     0.08    1.91
-123704.494    12.992     0.41    1.96
-123416.619    13.059     0.23    2.02
-123128.757    13.151     0.32    1.96
-122840.906    13.574     1.47    2.14
-122553.069    13.905     1.15    2.38
-122265.243    14.262     1.24    2.46
-121977.430    14.253    -0.03    2.46
-121689.630    14.180    -0.25    2.35
-121401.842    14.392     0.74    2.24
-121114.066    14.367    -0.09    2.10
-120826.303    14.044    -1.12    2.10
-120538.552    13.721    -1.12    1.81
-120250.813    13.325    -1.38    1.66
-119963.087    13.124    -0.70    1.59
-119675.373    13.286     0.57    1.82
-119387.672    13.253    -0.12    1.99
-119099.983    13.286     0.12    2.14
-118812.306    13.121    -0.58    2.21
-118524.642    12.895    -0.78    2.19
-118236.990    12.392    -1.75    2.06
-117949.351    12.106    -1.00    1.76
-117661.724    12.010    -0.33    1.76
-117374.109    12.197     0.65    1.76
-117086.507    12.182    -0.05    1.70
-116798.917    12.074    -0.37    1.67
-116511.339    12.241     0.58    1.81
-116223.774    12.059    -0.63    1.65
-115936.221    11.905    -0.54    1.56
-115648.681    11.837    -0.24    1.60
-115361.152    11.797    -0.14    1.57
-115073.637    12.223     1.48    1.78
-114786.133    12.387     0.57    1.95
-114498.642    12.581     0.67    2.02
-114211.163    12.801     0.77    2.07
-113923.697    13.076     0.95    2.02
-113636.243    12.921    -0.54    2.05
-113348.801    12.789    -0.46    2.09
-113061.371    12.340    -1.56    2.10
-112773.954    12.151    -0.66    1.97
-112486.550    11.997    -0.54    1.89
-112199.157    11.694    -1.05    1.84
-111911.777    11.465    -0.80    1.74
-111624.409    11.361    -0.36    1.77
-111337.054    11.281    -0.28    1.71
-111049.711    11.107    -0.61    1.56
-110760.294    11.136     0.10    1.69
-110470.286    11.028    -0.37    1.86
-110180.290    10.980    -0.17    1.95
-109890.307    10.968    -0.04    1.94
-109600.337    10.865    -0.35    1.93
-109310.379    10.756    -0.38    1.80
-109020.433    10.644    -0.39    1.73
-108730.501    10.665     0.07    1.74
-108440.580    10.497    -0.58    1.88
-108150.673     9.877    -2.14    1.96
-107860.777     9.478    -1.38    1.73
-107570.895     9.104    -1.29    1.69
-107281.025     8.690    -1.43    1.70
-106991.167     8.136    -1.91    1.59
-106701.322     7.528    -2.10    1.89
-106411.490     6.672    -2.95    2.26
-106121.670     6.165    -1.75    2.32
-105831.863     5.624    -1.87    2.20
-105542.068     5.551    -0.25    2.19
-105252.286     5.521    -0.11    2.29
-104962.516     5.908     1.34    2.42
-104672.759     6.721     2.81    2.46
-104383.014     7.382     2.28    2.23
-104093.282     7.879     1.71    1.84
-103803.563     8.059     0.62    1.79
-103513.856     8.120     0.21    1.62
-103224.161     8.013    -0.37    1.81
-102934.479     7.459    -1.91    1.80
-102644.810     6.874    -2.02    1.87
-102355.153     6.535    -1.17    1.91
-102065.508     6.710     0.60    1.94
-101775.876     6.874     0.57    1.84
-101486.257     7.136     0.90    1.57
-101196.650     7.293     0.54    1.38
-100907.055     7.630     1.16    1.25
-100617.473     7.817     0.64    1.80
-100327.904     7.914     0.34    1.88
-100038.347     7.998     0.29    2.20
 -99748.803     8.090     0.32    2.30
 -99459.271     8.238     0.51    2.21
 -99169.751     8.474     0.82    2.23
 -98880.244     8.444    -0.11    2.13
 -98590.750     8.403    -0.14    2.06
 -98301.268     8.165    -0.82    2.02
 -98011.798     7.859    -1.06    2.16
 -97722.341     7.559    -1.04    2.16
 -97432.896     7.459    -0.35    2.21
 -97143.464     7.269    -0.66    2.05
 -96854.044     7.423     0.53    2.17
 -96564.637     7.672     0.86    2.11
 -96275.242     8.090     1.45    1.98
 -95985.860     8.195     0.36    1.74
 -95696.490     8.014    -0.63    2.06
 -95407.133     7.590    -1.46    2.23
 -95117.788     7.505    -0.29    2.33
 -94828.455     7.342    -0.56    2.28
 -94539.135     7.029    -1.08    1.94
 -94249.828     6.731    -1.03    1.66
 -93960.533     6.626    -0.36    1.49
 -93671.250     7.059     1.50    1.51
 -93381.980     7.551     1.70    1.39
 -93092.722     8.091     1.87    1.66
 -92803.476     8.521     1.48    1.71
 -92514.244     8.747     0.78    1.63
 -92225.023     8.736    -0.04    1.65
 -91935.815     8.721    -0.05    1.61
 -91646.619     8.575    -0.50    1.58
 -91357.436     8.290    -0.99    1.49
 -91068.265     8.043    -0.85    1.19
 -90779.107     7.674    -1.27    1.17
 -90489.961     7.567    -0.37    1.13
 -90200.827     7.498    -0.24    1.08
 -89911.706     7.596     0.34    1.34
 -89622.597     8.044     1.55    1.71
 -89333.501     8.442     1.38    1.99
 -89044.417     8.736     1.02    1.92
 -88755.345     8.967     0.80    1.95
 -88466.286     8.967     0.00    2.01
 -88177.239     8.756    -0.73    2.06
 -87888.205     8.444    -1.08    1.90
 -87599.183     8.408    -0.12    1.94
 -87310.173     8.519     0.38    1.96
 -87021.176     8.387    -0.46    1.82
 -86732.191     8.197    -0.66    1.70
 -86443.219     7.998    -0.69    1.65
 -86154.258     7.786    -0.73    1.40
 -85865.311     7.512    -0.95    1.26
 -85576.375     7.526     0.05    1.43
 -85287.452     7.674     0.51    1.50
 -84998.542     8.197     1.81    1.76
 -84709.644     8.567     1.28    1.94
 -84420.758     8.635     0.24    2.11
 -84131.884     8.711     0.26    2.28
 -83843.023     8.607    -0.36    2.22
 -83554.174     8.392    -0.74    2.30
 -83265.338     8.091    -1.04    2.29
 -82976.514     7.825    -0.92    2.00
 -82687.702     8.286     1.60    2.32
 -82398.903     8.797     1.77    2.33
 -82110.115     9.218     1.46    2.13
 -81821.341     9.853     2.20    2.19
 -81532.578    10.259     1.41    2.12
 -81243.828    10.202    -0.20    2.05
 -80955.091     9.890    -1.08    2.10
 -80666.365     9.256    -2.20    2.17
 -80377.652     8.890    -1.27    2.05
 -80088.952     8.462    -1.48    1.88
 -79800.263     8.028    -1.51    1.44
 -79511.587     8.156     0.44    1.41
 -79222.923     8.256     0.35    1.81
 -78934.272     8.136    -0.42    1.68
 -78645.633     8.180     0.15    1.84
 -78357.006     8.200     0.07    1.92
 -78068.392     8.180    -0.07    1.98
 -77779.789     8.285     0.36    2.26
 -77491.200     8.490     0.71    2.35
 -77202.622     8.444    -0.16    2.27
 -76914.057     8.468     0.08    2.34
 -76625.504     8.890     1.46    2.41
 -76336.963     9.091     0.70    2.54
 -76048.435     8.908    -0.64    2.60
 -75759.919     8.898    -0.03    2.52
 -75471.415     8.844    -0.19    2.43
 -75182.923     8.998     0.54    2.32
 -74894.444     8.925    -0.26    2.24
 -74605.977     8.910    -0.05    2.18
 -74317.523     8.801    -0.38    2.09
 -74029.080     8.692    -0.38    2.28
 -73740.650     8.512    -0.62    2.42
 -73452.232     8.298    -0.74    2.36
 -73163.827     7.731    -1.97    2.22
 -72875.434     7.044    -2.38    1.40
 -72587.053     6.925    -0.41    1.27
 -72298.684     6.672    -0.88    1.11
 -72010.327     6.387    -0.99    1.11
 -71721.983     6.091    -1.03    1.26
 -71433.651     5.921    -0.59    1.25
 -71145.331     5.877    -0.15    1.28
 -70857.024     5.620    -0.89    1.28
 -70568.729     5.674     0.19    1.31
 -70280.446     5.928     0.88    1.59
 -69992.175     6.423     1.72    1.85
 -69703.917     6.874     1.57    2.12
 -69415.670     7.328     1.57    2.17
 -69127.436     7.582     0.88    2.17
 -68839.215     8.089     1.76    2.32
 -68551.005     8.511     1.46    2.46
 -68262.808     8.650     0.48    2.46
 -67974.623     8.914     0.92    2.28
 -67686.450     9.200     0.99    2.38
 -67398.289     9.438     0.83    2.30
 -67110.141     9.590     0.53    2.11
 -66822.005     9.805     0.75    2.08
 -66533.881     9.887     0.28    1.92
 -66245.769     9.884    -0.01    1.91
 -65957.669     9.440    -1.54    1.85
 -65669.582     9.090    -1.21    1.73
 -65381.507     8.921    -0.59    1.78
 -65093.444     8.981     0.21    1.91
 -64805.393     8.615    -1.27    1.82
 -64517.355     8.665     0.18    1.86
 -64229.328     8.780     0.40    2.36
 -63941.314     9.120     1.18    2.52
 -63653.312     9.447     1.14    2.55
 -63365.323     9.695     0.86    2.72
 -63077.345     9.955     0.90    2.54
 -62789.380    10.325     1.29    2.60
 -62501.426    10.676     1.22    2.69
 -62213.485    10.551    -0.43    2.66
 -61925.557    10.274    -0.96    2.78
 -61637.640    10.059    -0.75    2.55
 -61349.736     9.967    -0.32    2.34
 -61061.843     9.567    -1.39    2.11
 -60773.963     9.345    -0.77    1.95
 -60486.095     9.107    -0.83    1.84
 -60198.239     9.043    -0.22    1.77
 -59910.396     8.741    -1.05    1.71
 -59622.564     8.574    -0.58    1.78
 -59334.745     8.468    -0.37    1.72
 -59046.938     8.628     0.56    1.86
 -58759.143     9.009     1.32    2.05
 -58471.360     9.167     0.55    1.93
 -58183.589     9.228     0.21    2.04
 -57895.831     9.665     1.52    2.05
 -57608.084    10.244     2.01    2.30
 -57320.350    10.505     0.91    2.26
 -57032.628    10.535     0.10    2.28
 -56744.918     9.983    -1.92    2.43
 -56457.220     9.849    -0.47    2.57
 -56169.534     9.736    -0.39    2.60
 -55881.860     9.228    -1.76    2.38
 -55594.199     9.090    -0.48    2.54
 -55306.550     9.027    -0.22    2.55
 -55018.912     9.301     0.95    2.26
 -54731.287     9.377     0.27    2.11
 -54443.674     9.495     0.41    2.09
 -54156.073     9.918     1.47    2.19
 -53868.485    10.180     0.91    2.15
 -53580.908    10.581     1.40    2.02
 -53293.343    10.611     0.10    2.07
 -53005.791    10.736     0.43    1.95
 -52718.251    10.909     0.60    1.91
 -52430.722    10.844    -0.23    1.83
 -52143.206    10.596    -0.86    1.62
 -51855.702    10.656     0.21    1.68
 -51568.210    10.620    -0.13    1.70
 -51280.730    10.921     1.05    1.85
 -50993.263    11.140     0.76    2.10
 -50705.807    11.241     0.35    2.09
 -50418.363    11.398     0.55    1.97
 -50130.932    11.231    -0.58    1.93
 -49843.512    11.293     0.22    1.93
 -49556.105    11.397     0.36    2.09
 -49268.710    11.490     0.32    2.07
 -48981.327    11.349    -0.49    2.05
 -48693.036    11.120    -0.80    2.29
 -48403.036    11.170     0.17    2.37
 -48113.047    10.736    -1.50    2.41
 -47823.071    10.582    -0.53    2.30
 -47533.108    10.514    -0.24    2.43
 -47243.157    10.624     0.38    2.45
 -46953.218    10.653     0.10    2.41
 -46663.291    10.785     0.46    2.36
 -46373.376    10.832     0.16    2.20
 -46083.474    11.213     1.31    2.15
 -45793.585    11.247     0.12    2.07
 -45503.707    11.186    -0.21    2.00
 -45213.842    11.529     1.18    2.16
 -44923.989    11.640     0.38    2.18
 -44634.149    11.736     0.33    2.23
 -44344.320    11.474    -0.90    2.14
 -44054.504    11.028    -1.54    2.14
 -43764.701    10.597    -1.48    2.15
 -43474.909    10.317    -0.97    2.30
 -43185.130     9.726    -2.04    2.23
 -42895.363     9.027    -2.41    2.35
 -42605.609     8.844    -0.63    2.38
 -42315.866     8.644    -0.69    2.36
 -42026.136     8.367    -0.96    2.38
 -41736.419     8.140    -0.78    2.50
 -41446.713     8.122    -0.06    2.46
 -41157.020     8.174     0.18    2.48
 -40867.339     8.044    -0.45    2.34
 -40577.670     7.905    -0.48    2.34
 -40288.014     7.844    -0.21    2.31
 -39998.370     7.853     0.03    2.11
 -39708.738     7.847    -0.02    2.12
 -39419.118     8.140     1.01    2.03
 -39129.511     8.613     1.63    1.94
 -38839.916     8.521    -0.32    1.94
 -38550.333     8.090    -1.49    1.96
 -38260.762     7.918    -0.59    1.84
 -37971.204     7.932     0.05    1.82
 -37681.657     8.106     0.60    1.90
 -37392.123     8.234     0.44    2.09
 -37102.602     8.376     0.49    2.09
 -36813.092     8.551     0.60    2.19
 -36523.595     8.809     0.89    2.14
 -36234.110     8.599    -0.73    2.12
 -35944.637     8.397    -0.70    2.15
 -35655.176     7.892    -1.75    2.10
 -35365.728     7.347    -1.88    1.86
 -35076.292     6.921    -1.47    1.42
 -34786.868     6.790    -0.45    1.57
 -34497.456     7.012     0.77    1.75
 -34208.057     7.551     1.86    2.10
 -33918.669     7.928     1.30    2.41
 -33629.294     8.321     1.36    2.24
 -33339.931     8.597     0.96    2.29
 -33050.581     8.680     0.29    2.20
 -32761.242     8.695     0.05    2.24
 -32471.916     8.872     0.61    2.11
 -32182.602     8.731    -0.49    2.04
 -31893.300     8.753     0.07    1.94
 -31604.010     8.762     0.03    1.97
 -31314.732     9.028     0.92    1.89
 -31025.467     9.122     0.32    1.78
 -30736.214     9.408     0.99    1.72
 -30446.973     9.438     0.10    1.79
 -30157.744     9.715     0.96    1.64
 -29868.527     9.874     0.55    1.70
 -29579.323    10.119     0.84    1.62
 -29290.131    10.241     0.42    1.60
 -29000.950    10.328     0.30    1.61
 -28711.782    10.200    -0.44    1.67
 -28422.627    10.209     0.03    1.74
 -28133.483    10.434     0.78    1.70
 -27844.351    10.347    -0.30    1.54
 -27555.232    10.151    -0.68    1.67
 -27266.125     9.905    -0.85    1.71
 -26977.030     9.604    -1.04    1.70
 -26687.947     9.535    -0.24    1.85
 -26398.876     8.996    -1.87    2.03
 -26109.818     9.278     0.98    2.26
 -25820.771     9.321     0.15    2.27
 -25531.737     9.382     0.21    2.16
 -25242.715     9.153    -0.79    2.29
 -24953.704     9.182     0.10    2.27
 -24664.707     9.223     0.14    2.27
 -24375.721     9.231     0.03    2.14
 -24086.747     8.983    -0.86    2.04
 -23797.785     8.686    -1.03    1.95
 -23508.836     8.596    -0.31    1.98
 -23219.899     8.877     0.97    1.96
 -22930.974     8.642    -0.81    2.09
 -22642.060     8.684     0.14    2.04
 -22353.159     9.012     1.14    2.24
 -22064.271     9.574     1.95    2.19
 -21775.394    10.180     2.10    1.87
 -21486.529    10.184     0.01    2.00
 -21197.677    10.398     0.74    2.00
 -20908.836    10.271    -0.44    2.01
 -20620.008     9.801    -1.63    1.90
 -20331.192     9.418    -1.32    2.03
 -20042.388     9.356    -0.22    2.08
 -19753.595     9.613     0.89    2.22
 -19464.816     9.690     0.27    2.20
 -19176.048     9.833     0.50    2.16
 -18887.292     9.751    -0.28    2.11
 -18598.548     9.853     0.35    2.10
 -18309.817    10.536     2.37    1.97
 -18021.097    10.721     0.64    1.98
 -17732.389    10.674    -0.16    2.11
 -17443.694    10.446    -0.79    2.15
 -17155.011    10.325    -0.42    2.28
 -16866.339    10.242    -0.29    2.49
 -16577.680     9.589    -2.26    2.45
 -16289.033     9.013    -2.00    2.16
 -16000.398     8.711    -1.05    1.87
 -15711.775     8.934     0.77    2.12
 -15423.164     9.151     0.75    2.15
 -15134.565     9.584     1.50    2.26
 -14845.978    10.167     2.02    2.11
 -14557.404    10.321     0.53    1.98
 -14268.841    10.347     0.09    1.89
 -13980.290    10.244    -0.36    1.92
 -13691.751     9.527    -2.48    2.05
 -13403.225     8.980    -1.90    2.01
 -13114.710     8.430    -1.91    1.68
 -12826.208     8.259    -0.59    1.47
 -12537.717     8.121    -0.48    1.50
 -12249.239     8.168     0.17    1.64
 -11960.772     8.136    -0.11    1.64
 -11672.318     8.512     1.30    1.70
 -11383.875     8.609     0.34    1.79
 -11095.445     8.481    -0.44    1.75
 -10807.027     8.507     0.09    1.71
 -10518.620     9.089     2.02    2.16
 -10230.226     9.402     1.09    2.25
  -9941.844     9.997     2.06    2.28
  -9653.473    10.542     1.89    2.30
  -9365.115    11.259     2.49    2.30
  -9076.769    12.012     2.61    2.17
  -8788.434    12.105     0.32    2.04
  -8500.112    12.074    -0.11    1.89
  -8211.802    11.694    -1.32    2.00
  -7923.503    11.204    -1.70    2.13
  -7635.217    10.590    -2.13    2.32
  -7346.943    10.075    -1.79    2.39
  -7058.680     9.456    -2.15    2.28
  -6770.430     9.465     0.03    2.45
  -6482.192     9.397    -0.24    2.50
  -6193.965     9.444     0.16    2.40
  -5905.751     9.833     1.35    2.27
  -5617.549     9.908     0.26    2.17
  -5329.358    10.059     0.53    2.02
  -5041.180     9.950    -0.38    2.01
  -4753.013     9.797    -0.53    1.95
  -4464.859     9.705    -0.32    2.03
  -4176.716     9.528    -0.62    2.30
  -3888.585     9.590     0.22    2.30
  -3600.467     9.409    -0.63    2.29
  -3312.360     8.074    -4.63    4.40
  -3024.265     6.832    -4.31    5.23
  -2736.183     5.820    -3.51    5.39
  -2448.112     4.874    -3.28    5.36
  -2160.053     4.075    -2.78    4.97
  -1872.006     3.010    -3.70    4.48
  -1583.971     2.074    -3.25    3.98
  -1295.948     0.613    -5.07    4.04
  -1007.937    -0.126    -2.56    3.96
   -719.938    -0.341    -0.75    3.81
   -431.951    -0.347    -0.02    3.90
   -143.975    -0.528    -0.63    3.95
    143.988     1.075     5.57    4.47
    431.939     2.575     5.21    4.50
    719.879     4.167     5.53    4.15
   1007.806     5.529     4.73    3.73
   1295.722     6.438     3.16    3.53
   1583.626     7.121     2.37    3.15
   1871.518     7.109    -0.04    3.02
   2159.397     7.105    -0.01    3.03
   2447.265     6.903    -0.70    2.65
   2735.122     7.180     0.96    2.45
   3022.966     7.336     0.54    2.50
   3310.798     7.817     1.67    2.68
   3598.618     8.075     0.90    2.58
   3886.427     8.497     1.46    2.32
   4174.223     8.688     0.67    2.39
   4462.008     8.934     0.85    2.09
   4749.781     9.135     0.70    2.01
   5037.542     9.184     0.17    2.18
   5325.290     9.559     1.30    2.39
   5613.028     9.637     0.27    2.44
   5900.753     9.789     0.53    2.42
   6188.466    10.043     0.88    2.45
   6476.168     9.840    -0.71    2.41
   6763.857     9.403    -1.52    2.55
   7051.535     8.840    -1.96    2.57
   7339.201     8.027    -2.83    2.22
   7626.854     7.890    -0.48    2.07
   7914.497     7.688    -0.70    2.20
   8202.127     7.559    -0.45    2.16
   8489.745     7.014    -1.90    2.04
   8777.352     6.925    -0.31    1.90
   9064.946     7.074     0.52    2.00
   9352.529     7.075     0.00    2.07
   9640.100     6.976    -0.34    1.91
   9927.659     7.184     0.72    2.07
  10215.206     7.059    -0.43    2.08
  10502.741     6.998    -0.21    2.04
  10790.265     6.813    -0.65    2.04
  11077.776     6.674    -0.48    1.86
  11365.276     6.736     0.22    1.90
  11652.764     6.953     0.75    1.95
  11940.240     6.882    -0.25    1.74
  12227.705     7.170     1.00    2.10
  12515.157     7.259     0.31    2.09
  12802.598     7.136    -0.43    2.08
  13090.027     6.840    -1.03    2.07
  13377.444     6.884     0.15    2.28
  13667.245     6.884     0.00    2.23
  13957.218     6.853    -0.11    2.22
  14247.178     6.981     0.44    2.17
  14537.127     7.089     0.37    2.10
  14827.063     6.980    -0.38    2.06
  15116.988     6.736    -0.84    1.87
  15406.900     6.847     0.38    1.86
  15696.800     6.849     0.01    1.87
  15986.688     6.874     0.09    1.89
  16276.564     6.690    -0.64    1.76
  16566.428     6.286    -1.39    1.81
  16856.281     6.200    -0.30    1.97
  17146.121     6.465     0.92    2.05
  17435.949     6.376    -0.31    2.17
  17725.764     6.121    -0.88    2.26
  18015.568     6.074    -0.16    2.34
  18305.360     6.013    -0.21    2.37
  18595.140     6.028     0.05    2.14
  18884.908     6.151     0.42    2.04
  19174.664     6.059    -0.32    2.12
  19464.407     6.136     0.27    2.06
  19754.139     5.997    -0.48    1.85
  20043.859     6.121     0.42    1.92
  20333.566     6.090    -0.10    2.02
  20623.262     5.978    -0.39    1.89
  20912.946     6.450     1.63    2.08
  21202.618     6.801     1.21    2.12
  21492.277     6.853     0.18    2.13
  21781.925     6.771    -0.28    2.20
  22071.561     6.684    -0.30    2.15
  22361.184     6.996     1.08    2.17
  22650.796     6.817    -0.62    2.31
  22940.395     6.543    -0.95    2.32
  23229.983     6.521    -0.08    2.35
  23519.559     6.483    -0.13    2.31
  23809.123     6.741     0.89    2.14
  24098.674     7.090     1.21    2.36
  24388.214     7.184     0.33    2.27
  24677.742     7.192     0.03    2.26
  24967.257     6.905    -0.99    2.54
  25256.761     6.596    -1.07    2.66
  25546.253     6.522    -0.26    2.71
  25835.733     6.044    -1.65    2.45
  26125.201     5.684    -1.24    2.21
  26414.657     5.559    -0.43    2.10
  26704.101     5.797     0.82    2.23
  26993.533     5.498    -1.03    1.93
  27282.953     5.468    -0.10    1.89
  27572.361     5.536     0.23    1.98
  27861.757     5.805     0.93    1.98
  28151.141     5.710    -0.33    1.84
  28440.513     5.495    -0.74    1.83
  28729.874     5.659     0.57    2.05
  29019.222     5.982     1.12    2.26
  29308.558     5.965    -0.06    2.36
  29597.883     5.778    -0.65    2.26
  29887.195     6.013     0.81    2.52
  30176.496     5.592    -1.45    3.22
  30465.784     4.336    -4.34    4.25
  30755.061     4.029    -1.06    4.58
  31044.326     3.559    -1.63    4.55
  31333.579     3.955     1.37    4.47
  31622.820     4.059     0.36    4.46
  31912.048     4.242     0.63    4.18
  32201.266     4.418     0.61    3.86
  32490.471     4.746     1.13    2.68
  32779.664     4.865     0.41    1.99
  33068.845     4.877     0.04    2.07
  33358.015     5.397     1.80    2.51
  33647.172     5.624     0.78    2.39
  33936.318     5.771     0.51    2.18
  34225.451     6.011     0.83    2.15
  34514.573     6.122     0.38    2.06
  34803.683     6.090    -0.11    1.80
  35092.781     5.996    -0.33    1.77
  35381.867     5.607    -1.34    1.76
  35670.941     5.372    -0.82    1.86
  35960.004     5.253    -0.41    1.97
  36249.054     5.122    -0.45    1.86
  36538.093     4.726    -1.37    1.96
  36827.119     4.274    -1.56    1.83
  37116.134     4.215    -0.20    1.93
  37405.137     4.301     0.30    2.02
  37694.128     4.150    -0.52    1.90
  37983.107     4.265     0.40    1.95
  38272.074     4.059    -0.71    1.85
  38561.030     3.890    -0.59    1.78
  38849.973     3.828    -0.21    1.76
  39138.905     4.359     1.84    2.19
  39427.825     4.668     1.07    2.32
  39716.733     4.736     0.24    2.25
  40005.629     4.756     0.07    2.37
  40294.513     4.828     0.25    2.79
  40583.386     4.715    -0.39    2.63
  40872.246     4.265    -1.56    2.66
  41161.095     4.505     0.83    3.05
  41449.932     4.995     1.69    3.13
  41738.757     5.028     0.12    3.13
  42027.570     5.659     2.19    2.85
  42316.371     6.262     2.09    2.67
  42605.161     6.450     0.65    2.59
  42893.938     6.091    -1.24    2.88
  43182.704     6.043    -0.16    2.75
  43471.458     5.446    -2.07    2.95
  43760.200     5.043    -1.39    2.69
  44048.930     4.293    -2.60    2.56
  44337.649     3.997    -1.03    2.56
  44626.356     3.773    -0.77    2.36
  44915.050     3.408    -1.27    2.19
  45203.733     3.414     0.02    2.61
  45492.405     3.934     1.80    2.98
  45781.064     4.347     1.43    3.20
  46069.712     4.705     1.24    3.59
  46358.348     4.936     0.80    3.49
  46646.972     5.167     0.80    3.33
  46935.584     5.542     1.30    3.22
  47224.184     5.615     0.25    3.15
  47512.773     5.402    -0.74    3.28
  47801.349     5.392    -0.03    3.04
  48089.914     5.358    -0.12    2.72
  48378.468     4.622    -2.55    2.54
  48667.009     4.192    -1.49    2.35
  48955.539     4.182    -0.04    2.26
  49244.057     3.950    -0.81    2.35
  49532.563     3.981     0.11    2.41
  49821.057     4.301     1.11    2.68
  50109.539     4.821     1.80    2.85
  50398.010     4.930     0.38    2.91
  50686.469     4.637    -1.02    2.95
  50974.916     4.027    -2.12    3.00
  51263.352     3.624    -1.40    2.29
  51551.775     3.262    -1.25    1.85
  51840.187     3.397     0.47    2.21
  52128.587     3.932     1.85    2.50
  52416.976     3.964     0.11    2.76
  52705.352     4.694     2.53    2.94
  52993.717     4.980     0.99    2.99
  53282.070     5.278     1.03    2.82
  53570.412     5.120    -0.55    2.84
  53858.741     4.684    -1.51    2.91
  54147.059     4.865     0.63    2.98
  54435.365     4.756    -0.38    3.07
  54723.660     4.511    -0.85    2.91
  55011.942     4.490    -0.07    2.92
  55300.213     4.274    -0.75    3.25
  55588.472     4.044    -0.80    3.31
  55876.720     3.628    -1.44    3.13
  56164.955     3.247    -1.32    2.79
  56453.179     2.976    -0.94    2.63
  56741.392     2.767    -0.73    2.39
  57029.592     2.537    -0.80    2.13
  57317.781     2.751     0.74    2.05
  57605.958     3.044     1.02    2.14
  57894.123     3.559     1.79    2.05
  58182.277     3.576     0.06    2.00
  58470.419     3.997     1.46    2.05
  58758.549     3.934    -0.22    1.79
  59046.668     3.981     0.16    1.63
  59334.775     3.936    -0.16    1.63
  59622.870     3.497    -1.53    1.70
  59910.953     3.220    -0.96    1.75
  60199.025     3.170    -0.17    2.12
  60487.085     3.154    -0.06    2.23
  60775.133     3.559     1.41    2.70
  61063.170     3.726     0.58    3.20
  61351.195     4.151     1.48    3.13
  61639.208     4.387     0.82    3.04
  61927.210     3.914    -1.64    2.43
  62215.199     3.705    -0.72    2.43
  62503.178     3.234    -1.64    2.47
  62791.144     3.044    -0.66    2.36
  63079.099     3.059     0.05    2.30
  63367.042     2.936    -0.43    2.20
  63654.974     3.043     0.37    2.29
  63942.894     3.293     0.87    2.63
  64230.802     3.676     1.33    2.68
  64518.698     3.711     0.12    3.03
  64806.583     3.397    -1.09    2.87
  65094.456     3.180    -0.75    2.54
  65382.318     2.903    -0.96    2.58
  65670.168     2.690    -0.74    2.59
  65958.006     2.692     0.01    2.34
  66245.832     2.644    -0.17    2.30
  66533.647     2.423    -0.77    2.10
  66821.451     2.847     1.47    2.26
  67109.242     2.982     0.47    2.24
  67397.022     3.340     1.24    2.92
  67684.791     3.527     0.65    3.02
  67972.547     4.234     2.46    3.50
  68260.292     4.122    -0.39    3.25
  68548.026     4.497     1.30    3.34
  68835.748     4.168    -1.14    3.40
  69123.458     4.567     1.39    3.34
  69411.156     4.672     0.36    3.15
  69698.843     4.962     1.01    3.19
  69986.519     5.107     0.50    3.32
  70274.182     5.075    -0.11    3.17
  70561.834     5.215     0.49    3.07
  70849.475     4.844    -1.29    2.62
  71137.104     4.668    -0.61    2.57
  71424.721     4.624    -0.16    2.17
  71712.327     4.351    -0.95    2.16
  71999.921     4.043    -1.07    2.12
  72287.503     3.481    -1.95    2.34
  72575.074     2.951    -1.84    2.51
  72862.633     2.305    -2.25    2.53
  73150.181     1.231    -3.74    2.33
  73437.717     0.684    -1.90    2.16
  73725.241     0.226    -1.59    2.06
  74012.754    -0.279    -1.76    1.98
  74300.255    -0.463    -0.64    1.88
  74587.745    -0.683    -0.77    1.70
  74875.223    -0.971    -1.00    1.74
  75162.690    -1.035    -0.22    1.23
  75450.144    -1.108    -0.25    1.36
  75738.885    -0.988     0.41    1.29
  76028.848    -0.910     0.27    1.25
  76318.799    -0.710     0.69    1.54
  76608.739    -0.710     0.00    1.47
  76898.666    -0.798    -0.30    1.44
  77188.582    -0.828    -0.10    1.40
  77478.486    -0.989    -0.55    1.49
  77768.379    -0.613     1.30    1.60
  78058.259    -0.441     0.59    1.73
  78348.128    -0.332     0.38    1.72
  78637.985    -0.175     0.54    1.73
  78927.830     0.091     0.92    1.56
  79217.663    -0.022    -0.39    1.53
  79507.485     0.043     0.22    1.46
  79797.294     0.074     0.11    1.42
  80087.092     0.104     0.10    1.41
  80376.879     0.074    -0.10    1.46
  80666.653     0.278     0.70    1.68
  80956.416     0.609     1.14    1.85
  81246.167     1.075     1.61    1.87
  81535.906     1.271     0.68    2.01
  81825.633     1.241    -0.10    1.87
  82115.349     1.328     0.30    1.92
  82405.052     1.186    -0.49    1.92
  82694.745     1.026    -0.55    1.83
  82984.425     0.918    -0.37    1.76
  83274.093     1.193     0.95    1.87
  83563.750     1.786     2.05    2.21
  83853.395     2.241     1.57    2.38
  84143.029     2.767     1.82    2.65
  84432.650     3.426     2.28    2.65
  84722.260     3.582     0.54    2.60
  85011.858     3.583     0.00    2.45
  85301.445     3.215    -1.27    2.60
  85591.019     3.089    -0.43    2.52
  85880.582     2.678    -1.42    2.45
  86170.133     2.430    -0.86    2.04
  86459.673     2.465     0.12    1.81
  86749.201     2.646     0.63    1.81
  87038.717     2.599    -0.16    1.87
  87328.221     2.278    -1.11    2.01
  87617.713     1.833    -1.54    2.35
  87907.194     1.365    -1.62    2.29
  88196.663     0.932    -1.50    2.26
  88486.121     0.720    -0.73    2.10
  88775.566     1.028     1.06    2.35
  89065.000     1.444     1.44    2.45
  89354.423     1.890     1.54    2.48
  89643.833     2.325     1.50    2.39
  89933.232     2.720     1.37    2.17
  90222.619     2.782     0.21    2.27
  90511.995     2.265    -1.79    2.55
  90801.359     1.606    -2.28    2.74
  91090.711     1.044    -1.94    2.87
  91380.051     0.567    -1.65    2.71
  91669.380    -0.108    -2.33    2.38
  91958.697    -0.566    -1.58    2.07
  92248.002    -0.671    -0.36    1.89
  92537.296    -0.077     2.05    2.07
  92826.578     0.290     1.27    2.30
  93115.848     0.211    -0.27    2.49
  93405.107     0.485     0.95    2.48
  93694.354     0.293    -0.66    2.54
  93983.589    -0.056    -1.21    2.50
  94272.813    -0.587    -1.84    2.23
  94562.025    -0.833    -0.85    2.06
  94851.225    -1.079    -0.85    1.58
  95140.414    -1.211    -0.45    1.33
  95429.591    -1.018     0.67    1.45
  95718.756    -1.022    -0.01    1.53
  96007.910    -0.816     0.71    1.69
  96297.052    -0.341     1.64    2.27
  96586.183     0.659     3.46    2.88
  96875.301     1.043     1.33    2.91
  97164.409     1.281     0.82    2.89
  97453.504     1.392     0.38    2.69
  97742.588     1.462     0.24    2.64
  98031.660     1.356    -0.37    2.48
  98320.721     0.782    -1.98    2.58
  98609.770     0.059    -2.50    1.99
  98898.807    -0.116    -0.60    1.82
  99187.833    -0.160    -0.15    2.15
  99476.847    -0.151     0.03    2.38
  99765.849    -0.433    -0.98    2.15
 100054.840    -0.387     0.16    2.26
 100343.819    -0.441    -0.19    2.23
 100632.787    -0.300     0.49    2.07
 100921.743    -0.503    -0.70    2.14
 101210.687    -0.674    -0.59    2.20
 101499.620    -0.941    -0.92    2.24
 101788.541    -0.881     0.21    2.47
 102077.450    -0.668     0.74    2.70
 102366.348    -0.374     1.02    2.79
 102655.235    -0.128     0.85    2.87
 102944.109     0.026     0.53    3.04
 103232.972     0.153     0.44    3.22
 103521.824     0.223     0.24    3.28
 103810.664     0.423     0.69    3.15
 104099.492     0.238    -0.64    3.14
 104388.309     0.305     0.23    3.09
 104677.114     0.326     0.07    3.21
 104965.908     0.136    -0.66    3.05
 105254.690     0.297     0.56    2.91
 105543.460     0.106    -0.66    2.65
 105832.219     0.104    -0.00    2.41
 106120.966    -0.179    -0.98    2.32
 106409.702    -0.570    -1.35    2.07
 106698.426    -0.502     0.24    2.15
 106987.139    -0.344     0.55    2.31
 107275.840    -0.560    -0.75    2.21
 107564.529    -0.597    -0.13    2.24
 107853.207    -0.322     0.95    2.12
 108141.874     0.075     1.37    2.30
 108430.528     0.027    -0.16    2.50
 108719.172     0.156     0.45    2.48
 109007.803     0.075    -0.28    2.65
 109296.423     0.168     0.32    2.69
 109585.032    -0.019    -0.65    2.63
 109873.629    -0.328    -1.07    2.66
 110162.215    -0.957    -2.18    2.27
 110450.789    -1.019    -0.21    2.21
 110739.351    -1.084    -0.22    1.90
 111027.902    -0.782     1.05    2.03
 111316.441    -0.464     1.10    2.18
 111604.969    -0.004     1.59    2.15
 111893.485     0.091     0.33    2.16
 112181.990     0.059    -0.11    2.23
 112470.483    -0.008    -0.23    2.34
 112758.965    -0.326    -1.10    2.34
 113047.435    -0.714    -1.35    2.31
 113335.894    -1.592    -3.05    1.73
 113624.341    -1.879    -0.99    1.60
 113912.777    -1.941    -0.21    1.66
 114201.201    -1.874     0.23    1.79
 114489.613    -1.635     0.83    1.85
 114778.015    -1.389     0.85    1.89
 115066.404    -1.471    -0.29    1.80
 115354.782    -1.463     0.03    1.57
 115643.149    -1.488    -0.08    1.55
 115931.504    -2.008    -1.80    1.26
 116219.848    -2.095    -0.30    1.30
 116508.180    -2.372    -0.96    1.38
 116796.500    -2.628    -0.89    1.41
 117084.810    -2.820    -0.66    1.28
 117373.107    -2.893    -0.26    1.11
 117661.393    -2.796     0.34    1.21
 117949.668    -2.789     0.02    1.18
 118237.931    -2.830    -0.14    1.19
 118526.183    -2.782     0.17    1.11
 118814.423    -2.655     0.44    1.05
 119102.652    -2.560     0.33    1.13
 119390.869    -2.512     0.17    1.15
 119679.075    -2.592    -0.28    1.23
 119967.270    -2.522     0.24    1.34
 120255.453    -2.019     1.74    1.59
 120543.624    -1.769     0.87    1.67
 120831.784    -1.378     1.36    1.81
 121119.933    -1.312     0.23    1.80
 121408.070    -1.425    -0.39    1.77
 121696.195    -1.457    -0.11    1.77
 121984.310    -1.538    -0.28    1.55
 122272.412    -1.830    -1.01    1.48
 122560.504    -1.864    -0.12    1.66
 122848.583    -1.957    -0.32    1.58
 123136.652    -1.893     0.22    1.90
 123424.709    -1.403     1.70    2.14
 123712.754    -1.458    -0.19    2.05
 124000.788    -0.772     2.38    2.32
 124288.811    -0.502     0.94    2.39
 124576.822    -0.079     1.47    2.10
 124864.822     0.241     1.11    1.98
 125152.810     0.168    -0.25    1.94
 125440.787     0.176     0.03    2.16
 125728.753     0.503     1.14    2.40
 126016.707     0.253    -0.87    2.35
 126304.650     0.135    -0.41    2.28
 126592.581    -0.105    -0.83    2.27
 126880.501    -0.541    -1.51    1.99
 127168.409    -1.008    -1.62    1.65
 127456.306    -1.035    -0.09    1.60
 127744.192    -1.576    -1.88    1.45
 128032.066    -1.691    -0.40    1.53
 128319.929    -1.941    -0.87    1.62
 128607.780    -1.847     0.33    1.68
 128895.620    -1.846     0.01    1.76
 129183.449    -1.805     0.14    1.70
 129471.266    -1.860    -0.19    1.66
 129759.072    -2.131    -0.94    1.50
 130046.867    -2.064     0.23    1.41
 130334.650    -2.066    -0.01    1.47
 130622.421    -2.253    -0.65    1.54
 130910.182    -2.322    -0.24    1.66
 131197.931    -2.118     0.71    1.68
 131485.668    -1.957     0.56    1.75
 131773.394    -1.769     0.65    1.78
 132061.109    -1.488     0.98    1.72
 132348.813    -1.497    -0.03    1.64
 132636.505    -1.370     0.44    1.78
 132924.185    -1.417    -0.17    1.58
 133211.855    -1.570    -0.53    1.44
 133499.513    -1.628    -0.20    1.44
 133787.159    -1.710    -0.28    1.47
 134074.794    -2.035    -1.13    1.28
 134362.418    -2.019     0.05    1.46
 134650.031    -1.989     0.11    1.52
 134937.632    -1.658     1.15    1.49
 135225.222    -1.655     0.01    1.49
 135512.800    -1.566     0.31    1.46
 135800.367    -1.847    -0.98    1.59
 136087.923    -2.003    -0.54    1.60
 136375.468    -2.269    -0.93    1.37
 136663.001    -2.393    -0.43    1.34
 136950.523    -2.519    -0.44    1.29
 137238.033    -2.417     0.35    1.28
 137525.532    -2.238     0.62    1.29
 137813.275    -2.049     0.66    1.44
 138103.226    -1.800     0.86    1.59
 138393.165    -1.780     0.07    1.63
 138683.092    -1.816    -0.13    1.65
 138973.008    -1.991    -0.60    1.49
 139262.913    -2.187    -0.68    1.44
 139552.806    -2.233    -0.16    1.40
 139842.687    -2.372    -0.48    1.37
 140132.557    -2.550    -0.62    1.29
 140422.415    -2.519     0.11    1.23
 140712.262    -2.241     0.96    1.09
 141002.097    -2.064     0.61    1.54
 141291.921    -1.774     1.00    1.88
 141581.733    -1.300     1.64    2.35
 141871.533    -0.338     3.32    2.67
 142161.322     0.090     1.48    2.75
 142451.100     0.992     3.11    2.82
 142740.866     1.628     2.19    2.80
 143030.620     1.997     1.27    2.98
 143320.364     2.340     1.18    2.94
 143610.095     2.090    -0.86    3.06
 143899.815     1.361    -2.52    3.31
 144189.524     1.125    -0.81    3.51
 144479.221     0.107    -3.51    3.36
 144768.906    -0.464    -1.97    3.32
 145058.580    -1.156    -2.39    2.94
 145348.243    -2.035    -3.03    1.81
 145637.894    -2.328    -1.01    1.35
 145927.533    -1.973     1.23    1.83
 146217.161    -1.683     1.00    1.94
 146506.778    -1.570     0.39    2.02
 146796.383    -1.222     1.20    2.21
 147085.976    -0.862     1.25    2.42
 147375.558    -0.719     0.49    2.47
 147665.129    -0.750    -0.11    2.61
 147954.688    -1.118    -1.27    2.56
 148244.236    -0.735     1.33    2.74
 148533.772    -0.556     0.62    2.93
 148823.297    -0.285     0.94    2.82
 149112.810     0.106     1.35    2.90
 149402.312     0.403     1.03    2.73
 149691.802     0.609     0.71    2.73
 149981.281     0.613     0.01    2.82
 150270.748     0.551    -0.21    3.04
 150560.204     0.767     0.74    2.97
 150849.649     0.665    -0.35    2.91
 151139.082     0.418    -0.85    2.83
 151428.503     0.576     0.54    2.76
 151717.914     0.559    -0.06    2.79
 152007.312     0.686     0.44    2.93
 152296.700     0.544    -0.49    2.79
 152586.075     0.686     0.49    2.94
 152875.440     1.301     2.13    3.28
 153164.793     2.009     2.45    3.36
 153454.134     2.090     0.28    3.33
 153743.464     2.074    -0.06    3.32
 154032.783     1.892    -0.63    3.07
 154322.090     1.626    -0.92    3.01
 154611.386     1.151    -1.64    3.01
 154900.671     0.709    -1.53    2.74
 155189.943     0.231    -1.65    2.62
 155479.205    -0.097    -1.13    2.66
 155768.455    -0.519    -1.46    2.28
 156057.694    -0.259     0.90    2.43
 156346.921     0.231     1.69    2.80
 156636.137     0.591     1.25    2.96
 156925.342     0.813     0.77    2.78
 157214.535     1.075     0.91    2.72
 157503.716     1.408     1.15    2.81
 157792.887     1.403    -0.02    2.85
 158082.046     1.027    -1.30    2.81
 158371.193     0.736    -1.01    2.64
 158660.329     0.590    -0.51    2.38
 158949.454     0.817     0.78    2.45
 159238.567     0.849     0.11    2.31
 159527.669     0.903     0.18    2.33
 159816.760     1.202     1.03    2.42
 160105.839     1.265     0.22    2.38
 160394.907     1.424     0.55    2.43
 160683.963     1.236    -0.65    2.30
 160973.008     0.918    -1.10    2.18
 161262.042     0.684    -0.81    2.19
 161551.064     0.247    -1.51    2.11
 161840.075    -0.135    -1.32    1.97
 162129.075    -0.183    -0.17    1.84
 162418.063    -0.258    -0.26    1.90
 162707.040    -0.354    -0.33    2.03
 162996.005    -0.102     0.87    2.08
 163284.959     0.440     1.88    2.23
 163573.902     0.710     0.93    2.44
 163862.833     0.833     0.43    2.40
 164151.753     1.074     0.83    2.48
 164440.662     0.914    -0.56    2.49
 164729.559     0.789    -0.43    2.40
 165018.445     0.305    -1.68    2.34
 165307.320    -0.035    -1.18    2.17
 165596.183    -0.036    -0.01    2.10
 165885.035    -0.326    -1.00    1.78
 166173.876    -0.008     1.10    2.02
 166462.705     0.321     1.14    1.96
 166751.523     0.423     0.35    1.94
 167040.330     0.367    -0.19    1.90
 167329.125     0.074    -1.01    1.92
 167617.909    -0.147    -0.77    1.72
 167906.682    -0.108     0.14    1.81
 168195.443    -0.070     0.13    1.86
 168484.193     0.074     0.50    1.95
 168772.932     0.211     0.47    1.86
 169061.660     0.626     1.44    2.05
 169350.376     0.726     0.34    2.14
 169639.080     0.609    -0.40    2.20
 169927.774     0.653     0.15    2.44
 170216.456     0.731     0.27    2.66
 170505.127     1.259     1.83    2.65
 170793.787     0.983    -0.96    2.69
 171082.435     0.644    -1.18    2.44
 171371.072     0.509    -0.47    2.05
 171659.698     0.465    -0.15    2.19
 171948.312     0.583     0.41    2.18
 172236.915     0.789     0.71    2.22
 172525.507     0.921     0.46    2.03
 172814.087     1.027     0.37    2.04
 173102.657     0.704    -1.12    1.95
 173391.215     0.559    -0.50    1.83
 173679.761     0.736     0.61    2.14
 173968.297     0.630    -0.37    2.15
 174256.821     0.705     0.26    2.24
 174545.334     0.590    -0.40    2.40
 174833.835     0.789     0.69    2.50
 175122.326     0.742    -0.17    2.36
 175410.805     0.769     0.09    2.19
 175699.273     0.914     0.50    2.32
 175987.729     0.997     0.29    2.44
 176276.174     1.387     1.35    2.61
 176564.608     1.646     0.90    2.73
 176853.031     1.753     0.37    2.85
 177141.443     1.898     0.50    2.74
 177429.843     1.914     0.06    2.76
 177718.232     1.742    -0.60    2.56
 178006.610     1.575    -0.58    2.61
 178294.976     1.345    -0.80    2.59
 178583.332     1.059    -0.99    2.88
 178871.676     0.662    -1.38    2.85
 179160.009     0.882     0.76    3.11
 179448.330     1.202     1.11    3.24
 179736.640     1.305     0.36    3.29
 180024.940     1.512     0.72    2.92
 180313.227     1.465    -0.16    2.84
 180601.504     1.301    -0.57    3.05
 180889.770     0.676    -2.17    3.59
 181178.024    -0.655    -4.62    3.80
 181466.267    -1.986    -4.62    4.02
 181754.499    -3.079    -3.79    3.75
 182042.719    -4.064    -3.42    3.47
 182330.928    -4.710    -2.24    2.65
 182619.127    -4.858    -0.51    2.02
 182907.314    -3.894     3.34    2.76
 183195.489    -2.719     4.08    3.10
 183483.654    -1.472     4.33    3.32
 183771.807    -0.310     4.03    2.83
 184059.949     0.372     2.37    2.18
 184348.080     0.928     1.93    2.38
 184636.200     1.247     1.11    2.26
 184924.308     1.141    -0.37    2.12
 185212.406     0.840    -1.04    2.12
 185500.492     0.736    -0.36    2.41
 185788.567     0.559    -0.61    2.44
 186076.631     0.778     0.76    2.47
 186364.683     0.622    -0.54    2.74
 186652.725     0.392    -0.80    2.78
 186940.755     0.747     1.23    2.89
 187228.774     0.850     0.36    2.93
 187516.782     0.862     0.04    3.08
 187804.779     1.044     0.63    3.22
 188092.764     1.313     0.93    3.15
 188380.739     1.192    -0.42    3.14
 188668.702     0.916    -0.96    3.19
 188956.654     0.726    -0.66    3.16
 189244.595     0.751     0.09    3.13
 189532.524     0.589    -0.56    2.89
 189820.443    -0.095    -2.38    2.26
 190108.350    -0.108    -0.04    2.23
 190396.247     0.012     0.42    2.30
 190684.132    -0.290    -1.05    2.19
 190972.006    -0.660    -1.28    2.39
 191259.869    -0.556     0.36    2.64
 191547.720    -0.893    -1.17    2.58
 191835.561    -1.022    -0.45    2.52
 192123.390    -0.941     0.28    2.75
 192411.209    -0.876     0.22    2.96
 192699.016    -0.973    -0.33    2.85
 192986.812    -1.187    -0.74    2.85
 193274.597    -1.238    -0.18    2.78
 193562.370    -1.512    -0.95    2.77
 193850.133    -1.544    -0.11    2.67
 194137.884    -1.302     0.84    2.61
 194425.625    -1.296     0.02    2.63
 194713.354    -1.064     0.81    2.70
 195001.072    -0.818     0.86    2.70
 195288.779    -0.550     0.93    2.63
 195576.475    -0.441     0.38    2.35
 195864.160    -0.416     0.09    2.20
 196151.833    -0.385     0.11    2.32
 196439.496    -0.191     0.68    2.40
 196727.148     0.075     0.92    2.42
 197014.788     0.325     0.87    2.79
 197302.417     0.313    -0.04    2.81
 197590.035     0.333     0.07    2.85
 197877.642    -0.036    -1.28    2.67
 198165.238    -0.231    -0.68    2.65
 198452.823    -0.481    -0.87    2.45
 198740.397    -0.816    -1.17    2.07
 199027.960    -0.782     0.12    2.26
 199315.511    -0.782     0.00    2.32
 199603.052    -0.780     0.01    2.28
 199890.581    -0.877    -0.34    2.18
 200179.794    -0.644     0.81    2.04
 200469.724    -0.544     0.34    2.04
 200759.643    -0.269     0.95    2.17
 201049.550    -0.054     0.74    1.97
 201339.447    -0.135    -0.28    1.96
 201629.332    -0.163    -0.10    1.98
 201919.205    -0.290    -0.44    1.89
 202209.068    -0.222     0.23    2.06
 202498.919    -0.341    -0.41    2.04
 202788.759    -0.338     0.01    2.02
 203078.588     0.091     1.48    2.41
 203368.405     0.628     1.85    2.44
 203658.211     0.535    -0.32    2.48
 203948.006     0.519    -0.05    2.55
 204237.790     0.351    -0.58    2.44
 204527.562     0.234    -0.41    2.40
 204817.323     0.107    -0.44    2.44
 205107.073    -0.316    -1.46    2.23
 205396.811    -0.312     0.01    2.44
 205686.539     0.137     1.55    2.60
 205976.255     0.213     0.26    2.46
 206265.959    -0.269    -1.66    2.90
 206555.653    -0.893    -2.15    3.38
 206845.335    -1.597    -2.43    3.63
 207135.006    -2.424    -2.85    3.73
 207424.666    -3.018    -2.05    3.62
 207714.315    -3.710    -2.39    3.14
 208003.952    -4.097    -1.34    2.86
 208293.578    -4.624    -1.82    2.53
 208583.193    -4.613     0.04    2.75
 208872.797    -4.941    -1.13    2.59
 209162.389    -5.378    -1.51    2.08
 209451.970    -5.803    -1.46    0.77
 209741.540    -5.668     0.46    1.16
 210031.099    -5.274     1.36    1.96
 210320.647    -4.691     2.01    2.53
 210610.183    -4.074     2.13    2.97
 210899.708    -3.175     3.10    3.26
 211189.222    -2.419     2.61    3.29
 211478.725    -1.479     3.24    3.36
 211768.216    -0.547     3.22    3.16
 212057.697     0.392     3.24    2.21
 212347.166     0.126    -0.92    2.42
 212636.624    -0.941    -3.68    3.14
 212926.070    -2.062    -3.87    3.57
 213215.506    -3.160    -3.79    3.63
 213504.930    -4.289    -3.90    3.07
 213794.343    -5.425    -3.92    1.73
 214083.745    -5.308     0.41    2.11
 214373.136    -4.316     3.43    2.93
 214662.516    -3.214     3.81    3.30
 214951.884    -2.175     3.59    3.35
 215241.241    -1.295     3.04    2.99
 215530.587    -0.707     2.03    2.46
 215819.922    -0.258     1.55    2.12
 216109.246    -0.195     0.22    2.18
 216398.558    -0.144     0.18    2.11
 216687.860     0.043     0.65    2.10
 216977.150    -0.003    -0.16    2.11
 217266.429     0.091     0.32    2.01
 217555.697     0.059    -0.11    1.80
 217844.953     0.188     0.45    1.70
 218134.199     0.027    -0.56    1.73
 218423.433     0.231     0.70    1.95
 218712.656     0.215    -0.05    1.96
 219001.869     0.236     0.07    1.97
 219291.069     0.204    -0.11    2.00
 219580.259     0.356     0.52    2.12
 219869.438     0.392     0.13    2.10
 220158.605     0.511     0.41    2.20
 220447.762     0.424    -0.30    2.11
 220736.907     0.414    -0.04    2.16
 221026.041     0.446     0.11    2.16
 221315.164     0.313    -0.46    2.05
 221604.276     0.414     0.35    2.19
 221893.376     0.220    -0.67    2.28
 222182.466     0.231     0.04    2.27
 222471.544     0.376     0.50    2.33
 222760.612     0.345    -0.11    2.19
 223049.668     0.170    -0.60    2.06
 223338.713     0.253     0.29    2.06
 223627.747    -0.207    -1.59    2.07
 223916.770    -0.691    -1.68    2.63
 224205.782    -1.660    -3.35    3.02
 224494.782    -2.544    -3.06    3.06
 224783.772    -3.489    -3.27    3.16
 225072.750    -4.147    -2.28    2.95
 225361.717    -4.925    -2.69    2.45
 225650.674    -5.274    -1.21    1.64
 225939.619    -4.628     2.23    2.40
 226228.553    -3.893     2.55    2.83
 226517.476    -2.764     3.91    3.12
 226806.387    -2.191     1.98    2.97
 227095.288    -1.425     2.65    2.63
 227384.178    -0.973     1.56    2.12
 227673.056    -0.425     1.90    1.44
 227961.924    -0.401     0.08    1.31
 228250.780    -0.655    -0.88    1.33
 228539.625    -0.624     0.11    1.40
 228828.460    -0.683    -0.21    1.43
 229117.283    -0.764    -0.28    1.43
 229406.095    -0.633     0.45    1.56
 229694.896    -0.660    -0.09    1.57
 229983.686    -0.582     0.27    1.62
 230272.465    -0.522     0.21    1.48
 230561.232    -0.708    -0.64    1.38
 230849.989    -0.750    -0.15    1.48
 231138.735    -0.526     0.78    1.48
 231427.470    -0.310     0.75    1.52
 231716.193    -0.017     1.02    1.56
 232004.906     0.011     0.10    1.56
 232293.607    -0.091    -0.35    1.57
 232582.298    -0.100    -0.03    1.54
 232870.977    -0.002     0.34    1.42
 233159.645    -0.095    -0.32    1.36
 233448.302    -0.249    -0.53    1.31
 233736.949    -0.050     0.69    1.39
 234025.584    -0.041     0.03    1.41
 234314.208    -0.082    -0.14    1.41
 234602.821    -0.227    -0.50    1.36
 234891.423    -0.144     0.29    1.44
 235180.014    -0.064     0.28    1.48
 235468.594    -0.050     0.05    1.48
 235757.163    -0.208    -0.54    1.33
 236045.721    -0.160     0.17    1.19
 236334.268    -0.211    -0.18    1.54
 236622.804    -0.597    -1.34    2.06
 236911.329    -0.941    -1.19    2.49
 237199.843    -1.019    -0.27    2.58
 237488.346    -1.118    -0.34    2.84
 237776.838    -1.285    -0.58    2.91
 238065.319    -1.308    -0.08    3.03
 238353.789    -1.295     0.04    2.89
 238642.248    -1.172     0.43    2.92
 238930.696    -1.222    -0.17    3.07
 239219.132    -1.863    -2.22    3.33
 239507.558    -2.394    -1.84    3.32
 239795.973    -2.124     0.94    3.44
 240084.377    -1.628     1.72    3.47
 240372.770    -1.254     1.30    3.29
 240661.152    -0.911     1.19    3.04
 240949.523    -0.344     1.96    2.83
 241237.883     0.527     3.02    1.94
 241526.232     0.576     0.17    1.90
 241814.570     0.349    -0.78    2.01
 242102.897    -0.090    -1.52    2.81
 242391.213    -0.426    -1.16    3.02
 242679.518    -0.672    -0.85    3.10
 242967.812    -1.394    -2.50    3.16
 243256.095    -1.891    -1.72    3.10
 243544.367    -1.800     0.31    3.05
 243832.628    -1.687     0.39    2.91
 244120.878    -1.020     2.31    2.97
 244409.118    -0.756     0.92    2.84
 244697.346    -0.203     1.92    2.49
 244985.563     0.109     1.08    2.01
 245273.770     0.184     0.26    2.13
 245561.965     0.010    -0.60    2.19
 245850.150    -0.144    -0.53    1.91
 246138.323    -0.095     0.17    1.75
 246426.486     0.153     0.86    1.81
 246714.637     0.043    -0.38    1.91
 247002.778     0.122     0.27    1.84
 247290.908     0.159     0.13    1.70
 247579.027     0.105    -0.19    1.60
 247867.134     0.241     0.47    1.63
 248155.231     0.106    -0.47    1.65
 248443.317     0.151     0.16    1.44
 248731.392     0.186     0.12    1.34
 249019.457    -0.058    -0.85    1.24
 249307.510     0.090     0.51    1.38
 249595.552    -0.077    -0.58    1.29
 249883.584    -0.003     0.26    1.26
 250171.604     0.256     0.90    1.69
 250459.614     0.136    -0.42    1.77
 250747.612     0.276     0.49    1.89
 251035.600     0.372     0.33    1.82
 251323.577     0.434     0.22    1.77
 251611.543     0.715     0.98    1.77
 251899.498     0.644    -0.25    1.55
 252187.442     0.916     0.95    1.55
 252475.375     1.059     0.50    1.60
 252763.297     1.356     1.03    2.03
 253051.209     2.075     2.50    2.93
 253339.109     2.789     2.48    3.29
 253626.999     3.613     2.86    3.71
 253914.877     4.678     3.70    3.97
 254202.745     4.980     1.05    3.99
 254490.602     3.948    -3.58    5.29
 254778.448     2.027    -6.67    6.09
 255066.283    -0.147    -7.55    6.25
 255354.108    -1.941    -6.23    5.93
 255641.921    -4.222    -7.92    3.81
 255929.724    -5.457    -4.29    2.00
 256217.515    -5.941    -1.68    0.00
 256505.296    -5.941     0.00    0.00
 256793.066    -5.941     0.00    0.00
 257080.825    -5.941     0.00    0.00
 257368.573    -5.941     0.00    0.00
 257656.311    -5.941     0.00    0.00
 257944.037    -5.941     0.00    0.00
 258231.753    -5.941     0.00    0.00
 258519.457    -5.941     0.00    0.00
 258807.151    -5.941     0.00    0.00
 259094.834    -5.941     0.00    0.00
 259382.507    -5.941     0.00    0.00
 259670.168    -5.941     0.00    0.00
 259957.818    -5.941     0.00    0.00
 260245.458    -5.941     0.00    0.00
 260533.087    -5.941     0.00    0.00
 260820.705    -5.941     0.00    0.00
 261108.312    -5.941     0.00    0.00
 261395.908    -5.941     0.00    0.00
 261683.494    -5.941     0.00    0.00
 261971.068    -5.941     0.00    0.00
 262259.348    -5.941     0.00    0.00
 262549.261    -5.941     0.00    0.00
 262839.162    -5.941     0.00    0.00
 263129.052    -5.941     0.00    0.00
 263418.932    -5.941     0.00    0.00
 263708.800    -5.941     0.00    0.00
 263998.657    -5.941     0.00    0.00
 264288.504    -5.941     0.00    0.00
 264578.339    -5.941     0.00    0.00
 264868.163    -5.941     0.00    0.00
 265157.976    -5.941     0.00    0.00
 265447.779    -5.941     0.00    0.00
 265737.570    -5.941     0.00    0.00
 266027.350    -5.941     0.00    0.00
 266317.119    -5.941     0.00    0.00
 266606.877    -5.941     0.00    0.00
 266896.624    -5.941     0.00    0.00
 267186.361    -5.941     0.00    0.00
 267476.086    -5.941     0.00    0.00
 267765.800    -5.941     0.00    0.00
 268055.503    -5.941     0.00    0.00
 268345.196    -5.941     0.00    0.00
 268634.877    -5.941     0.00    0.00
 268924.547    -5.941     0.00    0.00
 269214.206    -5.941     0.00    0.00
 269503.855    -5.941     0.00    0.00
 269793.492    -5.941     0.00    0.00
 270083.118    -5.941     0.00    0.00
 270372.734    -5.941     0.00    0.00
 270662.338    -5.941     0.00    0.00
 270951.931    -5.941     0.00    0.00
 271241.514    -5.941     0.00    0.00
 271531.085    -5.941     0.00    0.00
 271820.646    -5.941     0.00    0.00
 272110.195    -5.941     0.00    0.00
 272399.734    -5.941     0.00    0.00
 272689.262    -5.941     0.00    0.00
 272978.778    -5.941     0.00    0.00
 273268.284    -5.941     0.00    0.00
 273557.779    -5.941     0.00    0.00
 273847.263    -5.941     0.00    0.00
 274136.736    -5.941     0.00    0.00
 274426.198    -5.941     0.00    0.00
 274715.649    -5.941     0.00    0.00
 275005.089    -5.941     0.00    0.00
 275294.518    -5.941     0.00    0.00
 275583.936    -5.941     0.00    0.00
 275873.343    -5.941     0.00    0.00
 276162.740    -5.941     0.00    0.00
 276452.125    -5.941     0.00    0.00
 276741.500    -5.941     0.00    0.00
 277030.863    -5.941     0.00    0.00
 277320.216    -5.941     0.00    0.00
 277609.558    -5.941     0.00    0.00
 277898.888    -5.941     0.00    0.00
 278188.208    -5.941     0.00    0.00
 278477.517    -5.941     0.00    0.00
 278766.815    -5.941     0.00    0.00
 279056.102    -5.941     0.00    0.00
 279345.379    -5.941     0.00    0.00
 279634.644    -5.941     0.00    0.00
 279923.898    -5.941     0.00    0.00
 280213.142    -5.941     0.00    0.00
 280502.375    -5.941     0.00    0.00
 280791.596    -5.941     0.00    0.00
 281080.807    -5.941     0.00    0.00
 281370.007    -5.941     0.00    0.00
 281659.196    -5.941     0.00    0.00
 281948.374    -5.941     0.00    0.00
 282237.542    -5.941     0.00    0.00
 282526.698    -5.941     0.00    0.00
 282815.844    -5.941     0.00    0.00
 283104.978    -5.941     0.00    0.00
 283394.102    -5.941     0.00    0.00
 283683.215    -5.941     0.00    0.00
 283972.317    -5.941     0.00    0.00
 284261.408    -5.941     0.00    0.00
 284550.489    -5.941     0.00    0.00
 284839.558    -5.941     0.00    0.00
 285128.617    -5.941     0.00    0.00
 285417.664    -5.941     0.00    0.00
 285706.701    -5.941     0.00    0.00
 285995.727    -5.941     0.00    0.00
 286284.742    -5.941     0.00    0.00
 286573.746    -5.941     0.00    0.00
 286862.740    -5.941     0.00    0.00
 287151.722    -5.941     0.00    0.00
 287440.694    -5.941     0.00    0.00
 287729.655    -5.941     0.00    0.00
 288018.605    -5.941     0.00    0.00
 288307.544    -5.941     0.00    0.00
 288596.473    -5.941     0.00    0.00
 288885.390    -5.941     0.00    0.00
 289174.297    -5.941     0.00    0.00
 289463.193    -5.941     0.00    0.00
 289752.078    -5.941     0.00    0.00
 290040.952    -5.941     0.00    0.00
 290329.815    -5.941     0.00    0.00
 290618.668    -5.941     0.00    0.00
 290907.509    -5.941     0.00    0.00
 291196.340    -5.941     0.00    0.00
 291485.160    -5.941     0.00    0.00
 291773.970    -5.941     0.00    0.00
 292062.768    -5.941     0.00    0.00
 292351.556    -5.941     0.00    0.00
 292640.333    -5.941     0.00    0.00
 292929.099    -5.941     0.00    0.00
 293217.854    -5.941     0.00    0.00
 293506.598    -5.941     0.00    0.00
 293795.332    -5.941     0.00    0.00
 294084.055    -5.941     0.00    0.00
 294372.767    -5.941     0.00    0.00
 294661.468    -5.941     0.00    0.00
 294950.158    -5.941     0.00    0.00
 295238.838    -5.941     0.00    0.00
 295527.507    -5.941     0.00    0.00
 295816.165    -5.941     0.00    0.00
 296104.812    -5.941     0.00    0.00
 296393.449    -5.941     0.00    0.00
 296682.075    -5.941     0.00    0.00
 296970.689    -5.941     0.00    0.00
 297259.294    -5.941     0.00    0.00
 297547.887    -5.941     0.00    0.00
 297836.470    -5.941     0.00    0.00
 298125.042    -5.941     0.00    0.00
 298413.603    -5.941     0.00    0.00
 298702.153    -5.941     0.00    0.00
 298990.693    -5.941     0.00    0.00
 299279.221    -5.941     0.00    0.00
 299567.739    -5.941     0.00    0.00
 299856.247    -5.941     0.00    0.00
 300144.743    -5.941     0.00    0.00
 300433.229    -5.941     0.00    0.00
 300721.704    -5.941     0.00    0.00
 301010.168    -5.941     0.00    0.00
 301298.622    -5.941     0.00    0.00
 301587.065    -5.941     0.00    0.00
 301875.497    -5.941     0.00    0.00
 302163.918    -5.941     0.00    0.00
 302452.329    -5.941     0.00    0.00
 302740.728    -5.941     0.00    0.00
 303029.118    -5.941     0.00    0.00
 303317.496    -5.941     0.00    0.00
 303605.864    -5.941     0.00    0.00
 303894.221    -5.941     0.00    0.00
 304182.567    -5.941     0.00    0.00
 304470.902    -5.941     0.00    0.00
 304759.227    -5.941     0.00    0.00
 305047.541    -5.941     0.00    0.00
 305335.844    -5.941     0.00    0.00
 305624.137    -5.941     0.00    0.00
 305912.419    -5.941     0.00    0.00
 306200.690    -5.941     0.00    0.00
 306488.950    -5.941     0.00    0.00
 306777.200    -5.941     0.00    0.00
 307065.439    -5.941     0.00    0.00
 307353.668    -5.941     0.00    0.00
 307641.885    -5.941     0.00    0.00
 307930.092    -5.941     0.00    0.00
 308218.289    -5.941     0.00    0.00
 308506.474    -5.941     0.00    0.00
 308794.649    -5.941     0.00    0.00
 309082.813    -5.941     0.00    0.00
 309370.967    -5.941     0.00    0.00
 309659.110    -5.941     0.00    0.00
 309947.242    -5.941     0.00    0.00
 310235.363    -5.941     0.00    0.00
 310523.474    -5.941     0.00    0.00
 310811.574    -5.941     0.00    0.00
 311099.664    -5.941     0.00    0.00
 311387.742    -5.941     0.00    0.00
 311675.810    -5.941     0.00    0.00
 311963.868    -5.941     0.00    0.00
 312251.915    -5.941     0.00    0.00
 312539.951    -5.941     0.00    0.00
 312827.976    -5.941     0.00    0.00
 313115.991    -5.941     0.00    0.00
 313403.995    -5.941     0.00    0.00
 313691.988    -5.941     0.00    0.00
 313979.971    -5.941     0.00    0.00
 314267.943    -5.941     0.00    0.00
 314555.905    -5.941     0.00    0.00
 314843.856    -5.941     0.00    0.00
 315131.796    -5.941     0.00    0.00
 315419.725    -5.941     0.00    0.00
 315707.644    -5.941     0.00    0.00
 315995.553    -5.941     0.00    0.00
 316283.450    -5.941     0.00    0.00
 316571.337    -5.941     0.00    0.00
 316859.214    -5.941     0.00    0.00
 317147.079    -5.941     0.00    0.00
 317434.935    -5.941     0.00    0.00
 317722.779    -5.941     0.00    0.00
 318010.613    -5.941     0.00    0.00
 318298.436    -5.941     0.00    0.00
 318586.249    -5.941     0.00    0.00
 318874.051    -5.941     0.00    0.00
 319161.842    -5.941     0.00    0.00
 319449.623    -5.941     0.00    0.00
 319737.393    -5.941     0.00    0.00
 320025.153    -5.941     0.00    0.00
 320312.902    -5.941     0.00    0.00
 320600.640    -5.941     0.00    0.00
 320888.368    -5.941     0.00    0.00
 321176.085    -5.941     0.00    0.00
 321463.791    -5.941     0.00    0.00
 321751.487    -5.941     0.00    0.00
 322039.173    -5.941     0.00    0.00
 322326.847    -5.941     0.00    0.00
 322614.512    -5.941     0.00    0.00
 322902.165    -5.941     0.00    0.00
 323189.808    -5.941     0.00    0.00
 323477.441    -5.941     0.00    0.00
 323765.062    -5.941     0.00    0.00
 324052.674    -5.941     0.00    0.00
 324340.274    -5.941     0.00    0.00
 324629.965    -5.941     0.00    0.00
 324919.856    -5.941     0.00    0.00
 325209.737    -5.941     0.00    0.00
 325499.606    -5.941     0.00    0.00
 325789.465    -5.941     0.00    0.00
 326079.313    -5.941     0.00    0.00
 326369.151    -5.941     0.00    0.00
 326658.977    -5.941     0.00    0.00
 326948.793    -5.941     0.00    0.00
 327238.598    -5.941     0.00    0.00
 327528.392    -5.941     0.00    0.00
 327818.176    -5.941     0.00    0.00
 328107.949    -5.941     0.00    0.00
 328397.711    -5.941     0.00    0.00
 328687.462    -5.941     0.00    0.00
 328977.203    -5.941     0.00    0.00
 329266.932    -5.941     0.00    0.00
 329556.652    -5.941     0.00    0.00
 329846.360    -5.941     0.00    0.00
 330136.058    -5.941     0.00    0.00
 330425.744    -5.941     0.00    0.00
 330715.421    -5.941     0.00    0.00
 331005.086    -5.941     0.00    0.00
 331294.741    -5.941     0.00    0.00
 331584.385    -5.941     0.00    0.00
 331874.018    -5.941     0.00    0.00
 332163.641    -5.941     0.00    0.00
 332453.253    -5.941     0.00    0.00
 332742.854    -5.941     0.00    0.00
 333032.444    -5.941     0.00    0.00
 333322.024    -5.941     0.00    0.00
 333611.593    -5.941     0.00    0.00
 333901.151    -5.941     0.00    0.00
 334190.699    -5.941     0.00    0.00
 334480.236    -5.941     0.00    0.00
 334769.762    -5.941     0.00    0.00
 335059.278    -5.941     0.00    0.00
 335348.782    -5.941     0.00    0.00
 335638.277    -5.941     0.00    0.00
 335927.760    -5.941     0.00    0.00
 336217.233    -5.941     0.00    0.00
 336506.695    -5.941     0.00    0.00
 336796.146    -5.941     0.00    0.00
 337085.587    -5.941     0.00    0.00
 337375.017    -5.941     0.00    0.00
 337664.436    -5.941     0.00    0.00
 337953.845    -5.941     0.00    0.00
 338243.243    -5.941     0.00    0.00
 338532.630    -5.941     0.00    0.00
 338822.007    -5.941     0.00    0.00
 339111.373    -5.941     0.00    0.00
 339400.728    -5.941     0.00    0.00
 339690.073    -5.941     0.00    0.00
 339979.407    -5.941     0.00    0.00
 340268.731    -5.941     0.00    0.00
 340558.043    -5.941     0.00    0.00
 340847.345    -5.941     0.00    0.00
 341136.637    -5.941     0.00    0.00
 341425.917    -5.941     0.00    0.00
 341715.188    -5.941     0.00    0.00
 342004.447    -5.941     0.00    0.00
 342293.696    -5.941     0.00    0.00
 342582.934    -5.941     0.00    0.00
 342872.162    -5.941     0.00    0.00
 343161.378    -5.941     0.00    0.00
 343450.585    -5.941     0.00    0.00
 343739.780    -5.941     0.00    0.00
 344028.965    -5.941     0.00    0.00
 344318.140    -5.941     0.00    0.00
 344607.303    -5.941     0.00    0.00
 344896.457    -5.941     0.00    0.00
 345185.599    -5.941     0.00    0.00
 345474.731    -5.941     0.00    0.00
 345763.852    -5.941     0.00    0.00
 346052.963    -5.941     0.00    0.00
 346342.063    -5.941     0.00    0.00
 346631.152    -5.941     0.00    0.00
 346920.231    -5.941     0.00    0.00
 347209.299    -5.941     0.00    0.00
 347498.357    -5.941     0.00    0.00
 347787.404    -5.941     0.00    0.00
 348076.440    -5.941     0.00    0.00
 348365.466    -5.941     0.00    0.00
 348654.481    -5.941     0.00    0.00
 348943.486    -5.941     0.00    0.00
 349232.480    -5.941     0.00    0.00
 349521.463    -5.941     0.00    0.00
 349810.436    -5.941     0.00    0.00
 350099.398    -5.941     0.00    0.00
 350388.350    -5.941     0.00    0.00
