#    8.186  -1.303   2.148 ;Mean Elev.(m), Avg Gradient(m/km), RMS Gradient(m/km) - SRTM1     
#    9.384  -0.479   1.342 ;Mean Elev.(m), Avg Gradient(m/km), RMS Gradient(m/km) - ASTER GDEM
#    5.941  -0.048   1.776 ;Mean Elev.(m), Avg Gradient(m/km), RMS Gradient(m/km) - GMTED2010 
   2  89.262889  23.923639    12.279    12.305  5 54672.45947140 35.108
   3  89.261226  23.925804    12.577    12.598  5 54682.37511435 32.867
   4  89.263429  23.924966    12.352    12.174  5 54692.29075719 38.231
   5  89.267339  23.923699    12.787    12.660  5 54702.20639800 35.622
   6  89.266231  23.924574    12.798    12.621  6 54712.12204612 38.734
   7  89.262471  23.924950    11.921    11.955  5 54722.03769695 51.914
   8  89.257456  23.925204    11.249    11.282  5 54731.95334497 28.411
   9  89.253852  23.925816    11.412    11.387  5 54741.86899123 26.846
  10  89.253130  23.925861    10.671    10.667  4 54751.78463756 52.783
  11  89.254063  23.925355     9.467     9.422  5 54761.70028385 36.522
  12  89.255158  23.925245     8.870     8.830  5 54771.61592764 51.222
  13  89.255898  23.925772     8.513     8.510  5 54781.53156829 51.327
  14  89.257195  23.925453     8.072     7.964  5 54791.44720682 52.654
  15  89.258962  23.925890     7.614     7.633  5 54801.36284443 36.248
  16  89.261759  23.925460     7.210     7.181  5 54811.27848251 49.044
  17  89.264066  23.924920     7.076     6.922  5 54821.19412404 40.885
  18  89.262316  23.924250     6.671     6.575  5 54831.10977670 46.377
  19  89.258588  23.925866     6.195     6.204  5 54841.02541518 45.651
  20  89.255586  23.925469     6.111     6.097  4 54850.94106419 47.285
  21  89.254051  23.925045     6.131     6.197  5 54860.85671272 44.869
  22  89.253265  23.925694     5.998     5.968  4 54870.77236100 45.819
  23  89.253613  23.925598     5.760     5.781  5 54880.68800803 43.332
  24  89.253742  23.926072     5.497     5.506  5 54890.60365169 43.132
  25  89.253068  23.924991     5.376     5.359  5 54900.51929264 43.100
  26  89.251392  23.926148     5.538     5.542  4 54910.43493128 36.263
  27  89.252434  23.925045     4.865     4.843  5 54920.35056961 39.999
  28  89.255128  23.925247     5.206     5.191  5 54930.26620754 33.443
  29  89.259131  23.924819     4.828     4.758  5 54940.18184460 39.472
  30  89.262861  23.923931     5.272     5.318  5 54950.09748008 29.689
  31  89.263184  23.924625     4.887     4.968  5 54960.01311942 38.457
  32  89.261298  23.923991     5.339     5.387  5 54969.92876803 33.858
  33  89.260000  23.925092     5.667     5.808  5 54979.84441489 43.103
  34  89.260033  23.924424     6.187     6.173  5 54989.76006186 38.001
  35  89.258584  23.926211     6.204     6.153  5 54999.67570811 37.933
  36  89.257915  23.926169     6.105     6.125  5 55009.59135302 33.444
  37  89.258578  23.924215     9.125     9.137  5 55019.50699682 31.160
  38  89.258229  23.925300     9.002     9.007  5 55029.42263884 29.017
  39  89.258825  23.925318     8.848     8.802  5 55039.33828072 50.917
  40  89.261175  23.925136    11.276    11.300  5 55049.25392169 26.223
  41  89.263633  23.924911    11.417    11.356  5 55059.16956064 27.244
  42  89.263975  23.924695    12.177    12.254  5 55069.08520050 27.959
  43  89.260092  23.924267    11.175    11.130  5 55079.00085013 21.372
  44  89.255768  23.925424    11.020    11.039  5 55088.91649707 26.825
  45  89.253391  23.926622    10.669    10.639  5 55098.83214260 30.311
  46  89.254566  23.924998     9.947     9.923  5 55108.74778837 33.604
  47  89.255651  23.925356    10.946    10.975  4 55118.66343258 46.374
  48  89.256113  23.925319    10.011    10.003  5 55128.57907444 51.223
  49  89.255234  23.926365     8.982     8.977  5 55138.49471399 46.767
  50  89.256544  23.924699     8.100     8.078  5 55148.41035305 48.775
  51  89.258542  23.926216     7.731     7.843  5 55158.32599134 31.383
  52  89.262871  23.923976     7.304     7.305  5 55168.24163050 45.494
  53  89.265330  23.924331     6.822     6.831  5 55178.15726830 50.316
  54  89.264398  23.923578     6.484     6.474  5 55188.07291364 46.921
  55  89.260161  23.924099     5.932     6.011  5 55197.98856428 39.440
  56  89.256506  23.926084     5.465     5.477  5 55207.90421347 36.903
  57  89.256276  23.925254     5.258     5.316  5 55217.81986280 38.629
  58  89.255972  23.925092     5.457     5.475  5 55227.73551111 40.120
  59  89.254684  23.926518     5.008     4.980  5 55237.65115612 41.748
  60  89.253892  23.925855     4.869     4.831  5 55247.56679806 39.742
  61  89.252201  23.926043     4.638     4.641  4 55257.48243744 39.776
  62  89.252135  23.925679     4.570     4.563  5 55267.39807644 32.491
  63  89.253982  23.925592     4.760     4.718  5 55277.31371525 32.356
  64  89.257314  23.926052     4.239     4.279  5 55287.22935302 35.542
  65  89.261563  23.925543     4.873     4.893  5 55297.14498876 32.924
  66  89.261364  23.925606     5.132     5.182  5 55307.06063040 32.935
  67  89.258458  23.924677     7.244     7.147  5 55316.97627717 32.030
  68  89.256680  23.924615     5.459     5.463  5 55326.89192237 35.448
  69  89.257476  23.924567     9.065     8.908  5 55336.80756659 21.750
  70  89.259568  23.924007     7.157     7.153  5 55346.72321045 28.962
  71  89.260253  23.924881     8.054     7.905  6 55356.63885244 28.316
  72  89.259708  23.925929     8.265     8.467  5 55366.55449231 29.056
  73  89.260201  23.925066     9.169     9.399  5 55376.47013129 28.253
  74  89.262351  23.923843     9.136     9.042  5 55386.38576978 36.122
  75  89.265162  23.923636     9.795     9.741  5 55396.30140739 30.070
  76  89.266714  23.925137    11.236    11.201  5 55406.21704891 28.509
  77  89.264189  23.924249    11.319    11.361  5 55416.13270034 49.100
  78  89.259623  23.925224    10.681    10.660  5 55426.04834791 34.450
  79  89.256485  23.924525    11.804    11.857  5 55435.96399308 27.470
  80  89.253873  23.926583    11.879    11.906  5 55445.87963618 24.903
  81  89.254926  23.925464    11.811    11.833  4 55455.79527936 25.833
  82  89.257120  23.925528    11.500    11.520  5 55465.71092163 25.168
  83  89.259766  23.925564    10.839    10.839  5 55475.62656094 20.196
  84  89.262141  23.923838    10.260    10.298  5 55485.54219751 52.361
  85  89.262645  23.923748     9.461     9.456  5 55495.45783164 42.233
  86  89.263333  23.925450     8.713     8.702  5 55505.37346547 42.355
  87  89.262500  23.923824     8.248     8.309  5 55515.28911658 46.568
  88  89.262312  23.924588     7.798     7.832  6 55525.20476646 50.290
  89  89.261872  23.923882     7.300     7.317  5 55535.12041468 41.018
  90  89.258814  23.926060     6.909     7.007  5 55545.03606003 47.357
  91  89.256663  23.925817     6.690     6.651  5 55554.95170392 50.845
  92  89.256588  23.924433     6.575     6.615  5 55564.86734706 34.205
  93  89.258466  23.924406     6.202     6.073  5 55574.78298933 39.707
  94  89.260516  23.924922     5.591     5.409  5 55584.69862984 52.307
  95  89.262313  23.924825     5.203     4.984  6 55594.61426708 48.585
  96  89.263305  23.924470     5.452     5.545  6 55604.52990102 47.745
  97  89.264654  23.923872     5.343     5.404  5 55614.44553322 40.512
  98  89.265132  23.923974     5.229     5.102  5 55624.36117230 35.189
  99  89.262940  23.923688     5.137     4.963  5 55634.27682516 47.329
 100  89.260926  23.925834     5.136     5.182  5 55644.19247535 48.961
 101  89.260414  23.924993     4.963     4.946  5 55654.10812344 37.870
 102  89.258868  23.925648     5.107     5.128  5 55664.02376658 44.946
 103  89.258214  23.924267     4.792     4.799  5 55673.93940698 45.375
 104  89.258174  23.924899     5.437     5.538  5 55683.85504518 33.693
 105  89.260949  23.925561     5.106     5.033  5 55693.77068218 34.065
 106  89.266248  23.924220     5.694     5.433  6 55703.68631828 31.485
 107  89.267483  23.923395     5.973     5.954  5 55713.60196333 36.441
 108  89.263816  23.924922     6.890     6.882  5 55723.51761154 31.377
 109  89.260577  23.925214     7.169     7.152  5 55733.43325822 34.536
 110  89.258560  23.926068     9.277     9.373  5 55743.34890384 29.720
 111  89.259221  23.924502    11.220    11.176  5 55753.26454894 24.582
 112  89.260268  23.925275    10.971    10.971  5 55763.18019140 21.878
 113  89.261300  23.925243    12.143    12.145  5 55773.09583121 31.537
 114  89.261182  23.925524    11.511    11.532  5 55783.01146734 24.371
 115  89.262602  23.924891    12.579    12.548  5 55792.92710101 34.883
 116  89.265297  23.924688    11.597    11.551  5 55802.84273573 24.929
 117  89.264669  23.923966    11.298    11.274  5 55812.75838528 24.563
 118  89.263926  23.925249    11.668    11.657  5 55822.67403264 47.717
 119  89.264727  23.924108    11.846    11.839  5 55832.58967584 41.409
 120  89.264903  23.924324    10.589    10.570  6 55842.50531442 42.139
 121  89.265596  23.924019     9.511     9.444  5 55852.42095035 35.138
 122  89.267562  23.923765     9.017     8.903  5 55862.33658522 34.773
 123  89.263948  23.924648     8.546     8.472  6 55872.25223948 50.588
 124  89.263668  23.924717     8.079     8.040  6 55882.16788943 50.717
 125  89.264707  23.923574     7.760     7.718  5 55892.08353322 28.629
 126  89.265417  23.924930     7.296     7.328  5 55901.99917070 55.054
 127  89.267300  23.924075     6.885     6.879  6 55911.91480590 45.689
 128  89.261873  23.925567     6.871     6.833  5 55921.83045951 53.425
 129  89.259727  23.925250     6.715     6.711  5 55931.74611092 51.138
 130  89.258565  23.926066     6.700     6.647  5 55941.66175804 51.995
 131  89.257923  23.925885     6.592     6.509  5 55951.57740098 50.390
 132  89.257578  23.925347     6.447     6.438  5 55961.49304049 48.830
 133  89.258188  23.924861     5.864     5.892  5 55971.40867817 37.778
 134  89.260952  23.924803     6.239     5.864  6 55981.32431495 31.405
 135  89.265458  23.924167     5.488     5.474  6 55991.23995083 31.691
 136  89.265125  23.924387     5.062     5.050  5 56001.15559717 31.421
 137  89.261417  23.925231     4.972     5.022  5 56011.07124741 33.886
 138  89.258927  23.924630     4.935     5.042  5 56020.98689408 35.692
 139  89.257240  23.924885     6.193     6.078  5 56030.90253740 32.556
 140  89.258129  23.924528     5.283     5.217  5 56040.81817882 31.787
 141  89.260149  23.925425     9.469     9.364  5 56050.73381774 28.593
 142  89.264502  23.923754     5.379     5.370  5 56060.64945463 28.989
 143  89.267279  23.924090     5.859     5.814  5 56070.56509152 26.112
 144  89.263801  23.924410     5.871     5.836  5 56080.48074165 25.515
 145  89.260301  23.925976     8.046     8.062  5 56090.39638906 24.123
 146  89.260175  23.924353     9.038     8.955  5 56100.31203512 24.133
 147  89.259530  23.926108     9.359     9.355  5 56110.22766649 25.435
 148  89.260862  23.925409     8.762     8.787  5 56120.14330698 29.481
 149  89.262900  23.924367    10.819    10.786  5 56130.05894391 30.112
 150  89.264338  23.924865    10.991    10.989  5 56139.97457724 29.886
 151  89.261349  23.924378    11.229    11.160  5 56149.89022743 27.301
 152  89.260306  23.924932    11.155    11.203  6 56159.80587590 28.763
 153  89.261140  23.924097    11.244    11.264  5 56169.72152330 28.421
 154  89.261577  23.923859    11.106    11.072  5 56179.63716696 26.806
 155  89.261104  23.924675    11.410    11.318  5 56189.55280621 26.618
 156  89.261415  23.924568    12.034    12.032  5 56199.46844280 31.502
 157  89.264038  23.924443    10.481    10.504  5 56209.38407727 32.398
 158  89.268571  23.923995     9.474     9.538  5 56219.29971043 36.167
 159  89.268706  23.923397     9.075     9.050  5 56229.21535858 30.828
 160  89.265481  23.924570     9.658     9.309  5 56239.13101211 29.807
 161  89.262848  23.923815     7.839     7.843  5 56249.04666216 47.261
 162  89.260521  23.925476     7.348     7.335  5 56258.96230677 39.010
 163  89.261008  23.924600     6.952     6.975  5 56268.87794902 50.440
 164  89.261449  23.925753     6.601     6.617  5 56278.79358900 53.676
 165  89.260197  23.925074     6.395     6.388  5 56288.70923857 44.631
 166  89.258249  23.925057     6.463     6.478  5 56298.62488683 45.518
 167  89.256259  23.925397     5.849     5.689  5 56308.54053112 50.397
 168  89.254847  23.926255     6.292     5.488  5 56318.45617306 30.934
 169  89.255823  23.925489     5.485     5.473  5 56328.37181465 41.192
 170  89.258262  23.926159     5.613     5.499  5 56338.28745529 31.353
 171  89.262961  23.924108     5.894     5.651  5 56348.20309484 29.467
 172  89.265817  23.923776     6.063     6.059  5 56358.11873105 49.664
 173  89.260590  23.925078     5.877     5.925  5 56368.03438059 45.927
 175  89.254846  23.926112     5.128     5.222  5 56387.86567366 30.452
 176  89.256996  23.926133     5.869     5.153  5 56397.78131702 31.757
 177  89.260979  23.924065     5.326     5.289  5 56407.69695849 33.840
 178  89.263242  23.925213     5.326     5.289  5 56417.61259517 27.684
 179  89.266571  23.924432     5.924     5.938  6 56427.52822771 25.603
 180  89.261455  23.925215     8.184     8.080  5 56437.44387973 26.584
 181  89.258226  23.924801     7.047     7.011  5 56447.35953101 28.639
 182  89.257586  23.924289     8.982     9.069  5 56457.27518045 23.817
 183  89.257107  23.924583     8.671     8.634  5 56467.19082662 23.319
 184  89.256750  23.925256    10.906    10.846  4 56477.10646865 32.876
 185  89.257115  23.925337    11.514    11.509  4 56487.02210712 30.827
 186  89.258289  23.926002    11.124    11.092  5 56496.93774266 31.442
 187  89.262469  23.924749    11.895    11.812  6 56506.85337729 29.161
 188  89.267678  23.924408    11.954    11.916  5 56516.76901281 31.440
 189  89.266142  23.924344    12.074    12.010  5 56526.68466663 31.909
 190  89.264301  23.924024    12.154    12.022  5 56536.60031631 30.958
 192  89.257464  23.926029    11.329    11.486  5 56556.43160487 30.895
 193  89.257784  23.925745    11.534    11.470  5 56566.34724770 30.522
 194  89.260906  23.925058    11.463    11.427  5 56576.26288971 29.279
 195  89.265766  23.923770    10.613    10.527  5 56586.17852882 35.860
 196  89.268189  23.923979     9.993     9.918  6 56596.09416783 39.048
 197  89.263302  23.924205    10.522    10.558  5 56606.00981992 30.899
 198  89.259388  23.925145     8.405     8.445  5 56615.92546692 54.055
 199  89.258461  23.926162     7.828     7.826  5 56625.84111041 52.601
 200  89.260705  23.924670     7.587     7.552  5 56635.75675178 49.772
 201  89.263628  23.924557     7.598     7.270  6 56645.67239101 41.809
 202  89.260547  23.924389     6.613     6.544  5 56655.58804302 53.728
 203  89.257185  23.925313     6.194     6.171  4 56665.50369057 31.991
 204  89.255334  23.925597     6.248     6.266  5 56675.41933600 48.829
 205  89.255984  23.924666     8.567     8.072  5 56685.33498109 29.545
 206  89.257850  23.925656     6.530     6.453  5 56695.25062403 50.647
 207  89.262148  23.924849     8.388     8.573  6 56705.16626309 25.996
 208  89.266112  23.923908     5.825     5.794  5 56715.08189663 39.164
 209  89.260085  23.924916     6.018     6.103  5 56724.99754848 52.441
 210  89.255050  23.925773     6.111     6.163  5 56734.91319786 29.162
 211  89.254375  23.925201     5.808     5.868  5 56744.82884431 36.008
 212  89.257144  23.926132     7.298     7.687  5 56754.74448635 28.435
 213  89.263138  23.924606     5.458     5.430  5 56764.66012354 42.146
 214  89.266152  23.924010     5.228     5.130  5 56774.57576037 32.223
 215  89.259572  23.925038     5.274     5.245  5 56784.49141631 31.653
 216  89.253932  23.925658     3.942     3.758  5 56794.40706897 37.101
 217  89.250998  23.925907     7.753     7.968  4 56804.32271864 27.464
 218  89.252632  23.925894     8.200     8.524  4 56814.23836165 25.531
 219  89.255258  23.925566     8.177     8.236  5 56824.15400135 22.435
 220  89.258685  23.924021     8.957     9.040  5 56834.06963734 26.123
 221  89.261634  23.924715     9.528     9.671  6 56843.98526928 31.866
 222  89.261488  23.924766     9.630     9.737  6 56853.90091230 30.154
 223  89.259092  23.924457    10.391    10.320  5 56863.81656561 32.412
 224  89.256868  23.926318    10.598    10.523  5 56873.73221779 25.554
 225  89.256149  23.926147    11.366    11.297  5 56883.64786733 35.265
 226  89.255401  23.926148    11.839    11.772  5 56893.56351354 28.522
 227  89.254107  23.925676    11.515    11.480  4 56903.47915672 29.990
 228  89.252624  23.926488    10.895    10.988  5 56913.39479789 31.247
 229  89.254636  23.925443    11.015    10.993  5 56923.31043830 36.591
 230  89.259257  23.924785    10.757    10.707  5 56933.22607656 39.779
 231  89.265246  23.924533    10.316    10.309  6 56943.14170967 28.934
 232  89.265287  23.924541     9.299     9.207  5 56953.05735552 47.383
 233  89.261386  23.923953     8.389     8.375  5 56962.97300604 47.373
 234  89.257999  23.925130     8.049     8.011  5 56972.88865117 51.625
 235  89.258846  23.924067     7.332     7.289  5 56982.80429272 50.842
 236  89.262466  23.923693     6.864     6.900  5 56992.71992963 49.607
 237  89.266361  23.924421     6.484     6.488  5 57002.63556458 41.832
 238  89.261678  23.924805     6.365     6.349  6 57012.55122078 47.480
 239  89.258624  23.924020     5.970     6.070  5 57022.46687196 43.105
 240  89.256069  23.926298     6.689     6.999  5 57032.38252016 33.997
 241  89.256582  23.925778     5.894     5.801  5 57042.29816727 37.686
 242  89.258431  23.924405     5.385     5.423  5 57052.21381257 36.074
 243  89.260420  23.924086     5.430     5.543  5 57062.12945334 43.321
 244  89.262803  23.923640     5.097     5.057  5 57072.04508876 34.765
 245  89.265437  23.924181     4.682     4.662  5 57081.96071976 37.517
 246  89.264636  23.923867     4.745     4.674  5 57091.87636471 47.008
 247  89.260871  23.923951     5.151     5.123  5 57101.79202150 47.793
 248  89.258580  23.925911     5.971     5.214  5 57111.70767451 35.137
 249  89.259186  23.925122     5.635     5.642  5 57121.62332247 36.005
 250  89.258958  23.925346     5.511     5.531  5 57131.53896457 33.120
 251  89.259693  23.925598     5.723     5.665  5 57141.45460184 40.791
 252  89.262034  23.925192     5.919     5.831  5 57151.37023640 32.157
 253  89.267123  23.923475     5.982     5.940  5 57161.28586827 35.003
 254  89.263577  23.924129     7.471     6.856  5 57171.20152390 27.238
 255  89.259941  23.924965     8.199     8.215  6 57181.11717854 22.829
 256  89.256575  23.925966     9.409     9.466  5 57191.03282921 24.870
 257  89.255559  23.924687    10.038    10.145  5 57200.94847715 26.280
 258  89.255451  23.925581     9.837     9.878  5 57210.86411079 51.095
 259  89.257516  23.925210    10.164    10.160  4 57220.77975450 53.287
 260  89.258965  23.926030    10.371    10.314  5 57230.69539663 35.911
 261  89.261257  23.923924    11.089    11.036  5 57240.61103704 34.060
 262  89.262096  23.925196    10.717    10.667  5 57250.52667398 31.241
 263  89.264412  23.925051    12.077    12.002  5 57260.44230938 33.555
 264  89.267813  23.924456    11.781    11.758  5 57270.35794397 31.780
 265  89.265960  23.924447    10.632    10.836  5 57280.27359769 30.226
 266  89.263364  23.924990    10.108    10.044  5 57290.18925307 32.345
 267  89.260616  23.925049     9.170     9.224  5 57300.10490560 35.530
 268  89.257857  23.925565     9.014     8.887  5 57310.02055433 29.958
 269  89.255463  23.925747     7.618     7.526  5 57319.93619959 43.671
 270  89.254784  23.925557     7.412     7.194  4 57329.85184200 44.431
 271  89.257146  23.924407     7.009     6.900  5 57339.76748259 52.574
 272  89.255908  23.925473     6.740     6.657  5 57349.68313161 46.874
 273  89.256020  23.925134     6.733     6.721  5 57359.59877688 50.843
 274  89.255467  23.926101     6.163     6.143  5 57369.51441875 39.582
 275  89.256619  23.925281     5.785     5.762  5 57379.43005891 34.827
 276  89.260037  23.924527     5.407     5.235  5 57389.34569823 33.446
 277  89.264483  23.924657     5.254     4.998  5 57399.26133669 31.338
 278  89.267793  23.924829     4.879     4.846  5 57409.17697514 32.908
 279  89.263613  23.925124     5.274     5.296  5 57419.09262802 50.743
 280  89.259227  23.925288     5.100     5.097  5 57429.00827822 47.865
 281  89.256317  23.926128     4.598     4.639  5 57438.92392584 43.738
 282  89.256943  23.925799     4.651     4.503  5 57448.83957255 46.809
 283  89.259136  23.924609     4.587     4.468  5 57458.75521817 46.185
 284  89.261223  23.924795     4.900     4.787  5 57468.67086042 50.655
 285  89.262960  23.924791     5.110     4.236  6 57478.58649867 31.762
 286  89.264065  23.924169     5.121     5.100  5 57488.50213394 50.753
 287  89.266363  23.923426     5.184     5.117  5 57498.41776752 31.320
 288  89.266819  23.924476     5.995     6.027  5 57508.33340863 28.454
 289  89.263421  23.924344     6.100     6.051  5 57518.24906472 46.218
 290  89.261096  23.924887     5.703     5.761  5 57528.16471796 25.382
 291  89.259285  23.924119     6.620     6.609  5 57538.08036857 29.727
 292  89.256350  23.925457     6.295     6.351  5 57547.99601589 29.614
 293  89.254864  23.925635     7.377     7.385  4 57557.91166188 29.276
 294  89.256014  23.925047     9.441     9.433  5 57567.82730705 29.372
 295  89.257688  23.926286     9.660     9.686  5 57577.74295113 30.500
 296  89.260668  23.924166    11.172    11.079  5 57587.65859461 29.672
 297  89.260680  23.924928    12.252    12.166  5 57597.57423481 36.400
