#   48.686  -0.499   1.537 ;Mean Elev.(m), Avg Gradient(m/km), RMS Gradient(m/km) - SRTM1     
#   39.126  -0.664   1.890 ;Mean Elev.(m), Avg Gradient(m/km), RMS Gradient(m/km) - ASTER GDEM
#   49.989  -0.506   1.576 ;Mean Elev.(m), Avg Gradient(m/km), RMS Gradient(m/km) - GMTED2010 
   2    56.168 54672.04185571 26.94  84.476844  25.694173 15.711 -100.00 -100.00 -100.00
   2    56.514 54672.04185630 24.44  84.477989  25.696612 10.847 -100.00 -100.00 -100.00
   2    56.773 54672.04185689 24.50  84.479134  25.699051 10.058 -100.00 -100.00 -100.00
   3    55.557 54681.95749931 23.68  84.475653  25.695544 10.620 -100.00 -100.00 -100.00
   3    56.047 54681.95749990 20.89  84.476798  25.697983  7.037 -100.00 -100.00 -100.00
   3    56.628 54681.95750049 20.83  84.477943  25.700422  6.987 -100.00 -100.00 -100.00
   4    56.496 54691.87314134 31.03  84.476393  25.694449 24.000 -100.00 -100.00 -100.00
   4    57.115 54691.87314193 28.38  84.477537  25.696888 12.614 -100.00 -100.00 -100.00
   4    57.389 54691.87314252 31.26  84.478682  25.699327 20.734 -100.00 -100.00 -100.00
   5    57.163 54701.78878108 54.79  84.479670  25.692920 10.504 -100.00 -100.00 -100.00
   5    57.089 54701.78878167 52.95  84.480815  25.695359  7.761 -100.00 -100.00 -100.00
   5    57.220 54701.78878226 55.66  84.481959  25.697798  5.664 -100.00 -100.00 -100.00
   6    56.072 54711.70442832 50.71  84.480657  25.691981   -100 -100.00 -100.00 -100.00
   6    56.113 54711.70442891 37.67  84.481802  25.694420   -100 -100.00 -100.00 -100.00
   6    56.204 54711.70442950 41.27  84.482947  25.696859   -100 -100.00 -100.00 -100.00
   7    56.599 54721.62007930 29.32  84.479275  25.692938 19.585 -100.00 -100.00 -100.00
   7    56.578 54721.62007989 27.50  84.480420  25.695377 12.263 -100.00 -100.00 -100.00
   7    54.910 54721.62008048 34.40  84.481565  25.697816 30.832 -100.00 -100.00 -100.00
   8    56.632 54731.53572781 36.87  84.475892  25.694115 30.642 -100.00 -100.00 -100.00
   8    56.301 54731.53572840 37.38  84.477037  25.696554   -100 -100.00 -100.00 -100.00
   8    56.265 54731.53572899 35.05  84.478182  25.698993 31.065 -100.00 -100.00 -100.00
   9    56.271 54741.45137500 42.36  84.472562  25.695392   -100 -100.00 -100.00 -100.00
   9    54.943 54741.45137559 46.82  84.473707  25.697831   -100 -100.00 -100.00 -100.00
   9    54.648 54741.45137618 52.20  84.474852  25.700270   -100 -100.00 -100.00 -100.00
   9    54.694 54741.45137677 53.91  84.475997  25.702709 10.654 -100.00 -100.00 -100.00
  10    52.486 54751.36702258 39.37  84.471838  25.697238  4.181 -100.00 -100.00 -100.00
  10    52.672 54751.36702317 36.84  84.472984  25.699677   -100 -100.00 -100.00 -100.00
  10    52.554 54751.36702376 39.77  84.474129  25.702117  7.724 -100.00 -100.00 -100.00
  11    55.875 54761.28266928 37.28  84.471215  25.695349 30.223 -100.00 -100.00 -100.00
  11    52.377 54761.28266987 38.61  84.472360  25.697788 15.543 -100.00 -100.00 -100.00
  11    51.113 54761.28267046 43.79  84.473505  25.700227  5.011 -100.00 -100.00 -100.00
  11    50.933 54761.28267105 49.12  84.474650  25.702666 14.624 -100.00 -100.00 -100.00
  12    51.122 54771.19831432 35.57  84.473220  25.696019 29.801 -100.00 -100.00 -100.00
  12    50.785 54771.19831491 39.76  84.474365  25.698458   -100 -100.00 -100.00 -100.00
  12    50.665 54771.19831550 43.41  84.475511  25.700897 20.497 -100.00 -100.00 -100.00
  13    50.154 54781.11395581 36.79  84.474679  25.695470   -100 -100.00 -100.00 -100.00
  13    50.865 54781.11395640 40.69  84.475824  25.697909   -100 -100.00 -100.00 -100.00
  13    50.369 54781.11395699 53.13  84.476969  25.700348   -100 -100.00 -100.00 -100.00
  14    50.331 54791.02959452 35.76  84.475885  25.695085   -100 -100.00 -100.00 -100.00
  14    50.028 54791.02959511 37.94  84.477031  25.697524  7.892 -100.00 -100.00 -100.00
  14    50.214 54791.02959570 34.71  84.478176  25.699963   -100 -100.00 -100.00 -100.00
  15    49.869 54800.94523142 36.24  84.475893  25.693095   -100 -100.00 -100.00 -100.00
  15    50.494 54800.94523201 36.50  84.477038  25.695535 26.329 -100.00 -100.00 -100.00
  15    49.893 54800.94523260 49.73  84.478183  25.697974   -100 -100.00 -100.00 -100.00
  15    49.837 54800.94523319 46.76  84.479329  25.700413   -100 -100.00 -100.00 -100.00
  16    50.303 54810.86086876 36.73  84.477444  25.693108 23.658 -100.00 -100.00 -100.00
  16    49.536 54810.86086935 38.91  84.478589  25.695548 12.627 -100.00 -100.00 -100.00
  16    49.635 54810.86086994 43.78  84.479735  25.697987  6.310 -100.00 -100.00 -100.00
  17    49.322 54820.77650847 35.17  84.478471  25.691632   -100 -100.00 -100.00 -100.00
  17    49.374 54820.77650906 36.05  84.479616  25.694071   -100 -100.00 -100.00 -100.00
  17    49.386 54820.77650965 38.72  84.480761  25.696510   -100 -100.00 -100.00 -100.00
  17    49.480 54820.77651024 38.56  84.481906  25.698950   -100 -100.00 -100.00 -100.00
  18    49.001 54830.69216059 36.31  84.477325  25.692687   -100 -100.00 -100.00 -100.00
  18    49.173 54830.69216118 37.85  84.478470  25.695127  4.302 -100.00 -100.00 -100.00
  18    49.494 54830.69216177 50.14  84.479615  25.697566   -100 -100.00 -100.00 -100.00
  19    48.816 54840.60779930 33.08  84.474899  25.693980   -100 -100.00 -100.00 -100.00
  19    49.302 54840.60779989 35.79  84.476044  25.696420   -100 -100.00 -100.00 -100.00
  19    49.357 54840.60780048 48.06  84.477189  25.698859   -100 -100.00 -100.00 -100.00
  19    49.382 54840.60780107 42.83  84.478334  25.701298   -100 -100.00 -100.00 -100.00
  20    50.061 54850.52344842 30.97  84.471414  25.695720 22.081 -100.00 -100.00 -100.00
  20    49.892 54850.52344901 33.07  84.472559  25.698160 24.984 -100.00 -100.00 -100.00
  20    49.732 54850.52344960 37.72  84.473704  25.700599 23.984 -100.00 -100.00 -100.00
  20    49.983 54850.52345019 41.82  84.474849  25.703039 19.406 -100.00 -100.00 -100.00
  21    49.546 54860.43909796 31.43  84.469918  25.699799 31.955 -100.00 -100.00 -100.00
  21    49.350 54860.43909855 32.73  84.471063  25.702239   -100 -100.00 -100.00 -100.00
  21    49.148 54860.43909914 35.71  84.472208  25.704678   -100 -100.00 -100.00 -100.00
  22    49.612 54870.35474672 27.91  84.468208  25.699253 27.933 -100.00 -100.00 -100.00
  22    49.580 54870.35474731 28.26  84.469354  25.701693 28.599 -100.00 -100.00 -100.00
  22    49.201 54870.35474790 29.84  84.470499  25.704133   -100 -100.00 -100.00 -100.00
  23    49.416 54880.27039456 27.68  84.469404  25.699046   -100 -100.00 -100.00 -100.00
  23    49.470 54880.27039515 23.07  84.470549  25.701485 16.005 -100.00 -100.00 -100.00
  23    49.285 54880.27039574 23.26  84.471694  25.703925 17.376 -100.00 -100.00 -100.00
  24    49.220 54890.18603852 24.69  84.470719  25.695910 20.967 -100.00 -100.00 -100.00
  24    48.992 54890.18603911 23.84  84.471864  25.698350 22.810 -100.00 -100.00 -100.00
  24    49.150 54890.18603970 23.24  84.473010  25.700790 19.081 -100.00 -100.00 -100.00
  24    49.085 54890.18604029 20.72  84.474155  25.703229 12.845 -100.00 -100.00 -100.00
  25    48.766 54900.10167981 24.52  84.471579  25.695802 18.969 -100.00 -100.00 -100.00
  25    48.691 54900.10168040 26.05  84.472724  25.698241 26.391 -100.00 -100.00 -100.00
  25    48.534 54900.10168099 25.96  84.473870  25.700681 22.143 -100.00 -100.00 -100.00
  25    48.567 54900.10168158 22.99  84.475015  25.703120 16.043 -100.00 -100.00 -100.00
  26    48.647 54910.01731907 22.23  84.471356  25.698014 12.252 -100.00 -100.00 -100.00
  26    48.523 54910.01731966 24.02  84.472501  25.700454 18.061 -100.00 -100.00 -100.00
  26    48.482 54910.01732025 22.99  84.473647  25.702893 15.970 -100.00 -100.00 -100.00
  27    48.312 54919.93295653 23.85  84.470888  25.698767 17.247 -100.00 -100.00 -100.00
  27    48.598 54919.93295712 21.20  84.472033  25.701207 10.977 -100.00 -100.00 -100.00
  27    48.435 54919.93295772 21.55  84.473179  25.703646 13.848 -100.00 -100.00 -100.00
  28    48.160 54929.84859272 23.24  84.471186  25.695074 22.989 -100.00 -100.00 -100.00
  28    48.328 54929.84859331 22.12  84.472331  25.697513 16.153 -100.00 -100.00 -100.00
  28    48.078 54929.84859390 20.68  84.473476  25.699953 13.795 -100.00 -100.00 -100.00
  28    48.104 54929.84859449 18.82  84.474622  25.702392 11.845 -100.00 -100.00 -100.00
  29    47.936 54939.76422899 34.04  84.476136  25.695033   -100 -100.00 -100.00 -100.00
  29    48.922 54939.76422958 40.79  84.477281  25.697472 23.429 -100.00 -100.00 -100.00
  29    48.084 54939.76423017 51.27  84.478427  25.699911 28.251 -100.00 -100.00 -100.00
  30    48.553 54949.67986314 31.87  84.480492  25.692668 28.870 -100.00 -100.00 -100.00
  30    48.015 54949.67986373 35.36  84.481638  25.695108 18.941 -100.00 -100.00 -100.00
  30    47.927 54949.67986433 29.99  84.482783  25.697547   -100 -100.00 -100.00 -100.00
  31    48.406 54959.59550076 29.81  84.481442  25.689590 24.312 -100.00 -100.00 -100.00
  31    47.866 54959.59550135 33.16  84.482587  25.692029 32.071 -100.00 -100.00 -100.00
  31    47.921 54959.59550194 37.81  84.483733  25.694468   -100 -100.00 -100.00 -100.00
  31    48.060 54959.59550253 49.00  84.484878  25.696907   -100 -100.00 -100.00 -100.00
  32    48.372 54969.51114955 30.94  84.479678  25.691936 29.542 -100.00 -100.00 -100.00
  32    48.334 54969.51115014 32.84  84.480823  25.694375   -100 -100.00 -100.00 -100.00
  32    47.855 54969.51115073 28.60  84.481969  25.696815   -100 -100.00 -100.00 -100.00
  33    48.338 54979.42679720 30.59  84.477586  25.693412   -100 -100.00 -100.00 -100.00
  33    47.888 54979.42679779 32.88  84.478731  25.695851   -100 -100.00 -100.00 -100.00
  33    48.071 54979.42679838 26.83  84.479876  25.698290 24.727 -100.00 -100.00 -100.00
  34    48.214 54989.34244478 31.87  84.476159  25.694589   -100 -100.00 -100.00 -100.00
  34    48.186 54989.34244537 31.35  84.477304  25.697028   -100 -100.00 -100.00 -100.00
  34    48.180 54989.34244596 29.64  84.478449  25.699467   -100 -100.00 -100.00 -100.00
  35    47.982 54999.25809222 27.79  84.475218  25.694512   -100 -100.00 -100.00 -100.00
  35    47.817 54999.25809281 28.21  84.476363  25.696951   -100 -100.00 -100.00 -100.00
  35    47.993 54999.25809340 28.58  84.477508  25.699390   -100 -100.00 -100.00 -100.00
  36    47.994 55009.17373793 22.42  84.474798  25.694939 16.574 -100.00 -100.00 -100.00
  36    47.682 55009.17373852 23.71  84.475943  25.697378 19.829 -100.00 -100.00 -100.00
  36    47.556 55009.17373911 24.91  84.477088  25.699817 27.376 -100.00 -100.00 -100.00
  37    50.239 55019.08938195 30.74  84.474969  25.696121   -100 -100.00 -100.00 -100.00
  37    49.717 55019.08938254 27.29  84.476114  25.698560 24.123 -100.00 -100.00 -100.00
  37    48.244 55019.08938313 29.73  84.477259  25.701000   -100 -100.00 -100.00 -100.00
  38    50.104 55029.00502393 24.49  84.473462  25.695346 20.492 -100.00 -100.00 -100.00
  38    49.163 55029.00502452 28.85  84.474607  25.697785   -100 -100.00 -100.00 -100.00
  38    48.642 55029.00502511 30.11  84.475752  25.700225   -100 -100.00 -100.00 -100.00
  39    51.438 55038.92066541 29.02  84.472642  25.695386 20.048 -100.00 -100.00 -100.00
  39    50.409 55038.92066600 31.80  84.473786  25.697826   -100 -100.00 -100.00 -100.00
  39    50.287 55038.92066659 32.05  84.474931  25.700265   -100 -100.00 -100.00 -100.00
  39    50.651 55038.92066718 26.42  84.476076  25.702704 27.596 -100.00 -100.00 -100.00
  40    51.693 55048.83630562 34.17  84.474024  25.694621 26.063 -100.00 -100.00 -100.00
  40    52.247 55048.83630621 36.97  84.475169  25.697060   -100 -100.00 -100.00 -100.00
  40    52.035 55048.83630680 49.16  84.476313  25.699499  7.092 -100.00 -100.00 -100.00
  41    51.486 55058.75194377 33.34  84.477386  25.692974   -100 -100.00 -100.00 -100.00
  41    51.467 55058.75194436 32.08  84.478530  25.695413   -100 -100.00 -100.00 -100.00
  41    51.408 55058.75194495 33.41  84.479675  25.697852   -100 -100.00 -100.00 -100.00
  42    53.727 55068.66758271 29.21  84.480614  25.692375 18.816 -100.00 -100.00 -100.00
  42    53.590 55068.66758330 33.07  84.481759  25.694814   -100 -100.00 -100.00 -100.00
  42    54.005 55068.66758389 34.73  84.482904  25.697253 31.250 -100.00 -100.00 -100.00
  43    52.336 55078.58323228 29.49  84.478787  25.692187   -100 -100.00 -100.00 -100.00
  43    52.181 55078.58323287 30.11  84.479932  25.694626   -100 -100.00 -100.00 -100.00
  43    52.478 55078.58323346 23.01  84.481077  25.697065 12.633 -100.00 -100.00 -100.00
  44    54.926 55088.49888052 34.15  84.476289  25.695418 16.539 -100.00 -100.00 -100.00
  44    53.694 55088.49888111 39.31  84.477434  25.697857 11.021 -100.00 -100.00 -100.00
  44    53.567 55088.49888170 29.11  84.478579  25.700296 26.034 -100.00 -100.00 -100.00
  45    53.223 55098.41452702 33.38  84.472858  25.696484   -100 -100.00 -100.00 -100.00
  45    53.157 55098.41452761 38.85  84.474003  25.698923   -100 -100.00 -100.00 -100.00
  45    52.961 55098.41452820 38.48  84.475148  25.701362 27.875 -100.00 -100.00 -100.00
  46    52.399 55108.33017289 31.23  84.470996  25.695719 25.177 -100.00 -100.00 -100.00
  46    52.273 55108.33017348 33.21  84.472141  25.698158   -100 -100.00 -100.00 -100.00
  46    51.620 55108.33017407 36.53  84.473286  25.700597   -100 -100.00 -100.00 -100.00
  46    51.524 55108.33017466 33.24  84.474431  25.703036   -100 -100.00 -100.00 -100.00
  47    53.946 55118.24581826 22.94  84.472371  25.695696 14.177 -100.00 -100.00 -100.00
  47    53.947 55118.24581885 21.39  84.473516  25.698136 10.477 -100.00 -100.00 -100.00
  47    53.673 55118.24581944 21.44  84.474661  25.700575 12.387 -100.00 -100.00 -100.00
  48    52.396 55128.16146108 31.40  84.474334  25.694764   -100 -100.00 -100.00 -100.00
  48    52.495 55128.16146168 32.16  84.475479  25.697203   -100 -100.00 -100.00 -100.00
  48    52.192 55128.16146227 31.46  84.476625  25.699642   -100 -100.00 -100.00 -100.00
  49    51.837 55138.07710166 32.79  84.475465  25.694384   -100 -100.00 -100.00 -100.00
  49    50.724 55138.07710225 35.28  84.476610  25.696823   -100 -100.00 -100.00 -100.00
  49    50.879 55138.07710284 31.63  84.477756  25.699262   -100 -100.00 -100.00 -100.00
  50    50.748 55147.99274036 31.82  84.475563  25.694359   -100 -100.00 -100.00 -100.00
  50    50.661 55147.99274095 31.52  84.476708  25.696799   -100 -100.00 -100.00 -100.00
  50    50.775 55147.99274154 31.29  84.477853  25.699238   -100 -100.00 -100.00 -100.00
  51    50.449 55157.90837805 35.32  84.475469  25.693523 23.256 -100.00 -100.00 -100.00
  51    50.216 55157.90837864 36.05  84.476614  25.695963   -100 -100.00 -100.00 -100.00
  51    50.064 55157.90837923 49.35  84.477759  25.698402   -100 -100.00 -100.00 -100.00
  51    49.817 55157.90837982 45.34  84.478904  25.700841 22.521 -100.00 -100.00 -100.00
  52    50.961 55167.82401577 35.16  84.476658  25.693363 15.771 -100.00 -100.00 -100.00
  52    49.875 55167.82401636 36.71  84.477803  25.695802   -100 -100.00 -100.00 -100.00
  52    50.344 55167.82401695 43.97  84.478948  25.698242 23.118 -100.00 -100.00 -100.00
  53    49.280 55177.73965266 35.49  84.478396  25.692116   -100 -100.00 -100.00 -100.00
  53    50.113 55177.73965325 37.00  84.479541  25.694555 22.779 -100.00 -100.00 -100.00
  53    49.397 55177.73965384 50.27  84.480686  25.696994 12.857 -100.00 -100.00 -100.00
  54    49.202 55187.65529707 36.29  84.479183  25.693125 24.764 -100.00 -100.00 -100.00
  54    49.391 55187.65529766 40.74  84.480328  25.695564   -100 -100.00 -100.00 -100.00
  54    49.231 55187.65529825 52.38  84.481473  25.698004   -100 -100.00 -100.00 -100.00
  55    49.314 55197.57094758 32.48  84.475756  25.693010   -100 -100.00 -100.00 -100.00
  55    49.589 55197.57094817 31.29  84.476901  25.695450   -100 -100.00 -100.00 -100.00
  55    48.594 55197.57094876 33.11  84.478046  25.697889   -100 -100.00 -100.00 -100.00
  55    49.276 55197.57094935 27.90  84.479191  25.700328 30.222 -100.00 -100.00 -100.00
  56    50.325 55207.48659764 29.81  84.472669  25.694815 29.096 -100.00 -100.00 -100.00
  56    49.961 55207.48659824 31.15  84.473814  25.697255 32.567 -100.00 -100.00 -100.00
  56    50.009 55207.48659883 26.42  84.474959  25.699694 23.685 -100.00 -100.00 -100.00
  56    49.799 55207.48659942 25.20  84.476104  25.702133 22.916 -100.00 -100.00 -100.00
  57    50.018 55217.40224780 32.32  84.471663  25.698252   -100 -100.00 -100.00 -100.00
  57    50.242 55217.40224839 27.38  84.472809  25.700691 22.193 -100.00 -100.00 -100.00
  57    49.746 55217.40224898 25.77  84.473954  25.703131 22.870 -100.00 -100.00 -100.00
  58    49.953 55227.31789661 28.78  84.470517  25.698099 26.404 -100.00 -100.00 -100.00
  58    49.668 55227.31789720 30.84  84.471662  25.700538   -100 -100.00 -100.00 -100.00
  58    48.855 55227.31789779 33.28  84.472807  25.702978   -100 -100.00 -100.00 -100.00
  59    49.602 55237.23354256 30.68  84.470823  25.696955 23.771 -100.00 -100.00 -100.00
  59    48.796 55237.23354315 33.36  84.471969  25.699394 29.668 -100.00 -100.00 -100.00
  59    48.494 55237.23354374 35.32  84.473114  25.701834 27.313 -100.00 -100.00 -100.00
  60    49.292 55247.14918480 29.26  84.471744  25.694925 29.996 -100.00 -100.00 -100.00
  60    49.253 55247.14918539 30.14  84.472889  25.697364 25.345 -100.00 -100.00 -100.00
  60    49.179 55247.14918598 32.00  84.474034  25.699804 28.444 -100.00 -100.00 -100.00
  60    48.584 55247.14918657 32.38  84.475180  25.702243   -100 -100.00 -100.00 -100.00
  61    49.091 55257.06482502 30.84  84.472943  25.696399   -100 -100.00 -100.00 -100.00
  61    49.231 55257.06482561 32.02  84.474089  25.698838 22.763 -100.00 -100.00 -100.00
  61    48.144 55257.06482620 34.12  84.475234  25.701278   -100 -100.00 -100.00 -100.00
  62    48.828 55266.98046366 29.04  84.472587  25.696946 25.898 -100.00 -100.00 -100.00
  62    48.577 55266.98046425 29.44  84.473732  25.699385 30.177 -100.00 -100.00 -100.00
  62    47.954 55266.98046484 33.27  84.474878  25.701825   -100 -100.00 -100.00 -100.00
  63    48.138 55276.89610088 28.95  84.471342  25.694725 25.927 -100.00 -100.00 -100.00
  63    48.073 55276.89610147 33.07  84.472487  25.697165   -100 -100.00 -100.00 -100.00
  63    48.789 55276.89610206 34.34  84.473632  25.699604 23.505 -100.00 -100.00 -100.00
  63    47.701 55276.89610265 37.03  84.474778  25.702044 22.188 -100.00 -100.00 -100.00
  64    48.578 55286.81173783 30.05  84.473993  25.695187 30.687 -100.00 -100.00 -100.00
  64    48.086 55286.81173842 36.34  84.475138  25.697626  1.946 -100.00 -100.00 -100.00
  64    48.715 55286.81173901 46.06  84.476283  25.700066 29.784 -100.00 -100.00 -100.00
  65    48.559 55296.72737248 34.37  84.478578  25.694381 29.856 -100.00 -100.00 -100.00
  65    48.323 55296.72737307 46.10  84.479723  25.696820   -100 -100.00 -100.00 -100.00
  65    48.391 55296.72737366 45.27  84.480868  25.699259   -100 -100.00 -100.00 -100.00
  66    48.182 55306.64301225 27.20  84.479546  25.690889 29.895 -100.00 -100.00 -100.00
  66    48.128 55306.64301284 31.35  84.480691  25.693328   -100 -100.00 -100.00 -100.00
  66    48.022 55306.64301343 33.57  84.481836  25.695768  9.829 -100.00 -100.00 -100.00
  66    48.025 55306.64301402 24.92  84.482981  25.698207 30.614 -100.00 -100.00 -100.00
  67    48.615 55316.55865897 30.04  84.478673  25.692376 25.604 -100.00 -100.00 -100.00
  67    48.116 55316.55865956 33.27  84.479818  25.694815   -100 -100.00 -100.00 -100.00
  67    47.998 55316.55866015 28.46  84.480964  25.697254   -100 -100.00 -100.00 -100.00
  68    48.153 55326.47430479 23.74  84.477397  25.694828 19.151 -100.00 -100.00 -100.00
  68    55.721 55326.47430538 22.27  84.478542  25.697267 13.580 -100.00 -100.00 -100.00
  68    56.666 55326.47430598 19.33  84.479688  25.699706  7.755 -100.00 -100.00 -100.00
  69    48.168 55336.38994930 32.30  84.475764  25.695127   -100 -100.00 -100.00 -100.00
  69    47.944 55336.38994989 35.54  84.476909  25.697566  9.335 -100.00 -100.00 -100.00
  69    48.291 55336.38995048 37.76  84.478055  25.700005   -100 -100.00 -100.00 -100.00
  70    48.308 55346.30559332 30.22  84.475004  25.694852 26.596 -100.00 -100.00 -100.00
  70    47.885 55346.30559391 32.09  84.476149  25.697292   -100 -100.00 -100.00 -100.00
  70    47.948 55346.30559451 28.86  84.477294  25.699731 29.744 -100.00 -100.00 -100.00
  71    48.001 55356.22123628 26.83  84.475367  25.695161 30.400 -100.00 -100.00 -100.00
  71    47.983 55356.22123687 26.43  84.476512  25.697600 29.641 -100.00 -100.00 -100.00
  71    47.733 55356.22123746 26.96  84.477657  25.700039 30.377 -100.00 -100.00 -100.00
  72    48.071 55366.13687688 29.37  84.475425  25.694641 29.509 -100.00 -100.00 -100.00
  72    47.817 55366.13687747 31.22  84.476570  25.697080   -100 -100.00 -100.00 -100.00
  72    47.945 55366.13687806 28.20  84.477716  25.699519 32.492 -100.00 -100.00 -100.00
  73    47.973 55376.05251595 32.43  84.475917  25.694371   -100 -100.00 -100.00 -100.00
  73    48.056 55376.05251654 25.52  84.477062  25.696811 22.192 -100.00 -100.00 -100.00
  73    47.733 55376.05251713 26.60  84.478207  25.699250 27.916 -100.00 -100.00 -100.00
  74    48.128 55385.96815401 35.47  84.477194  25.694499 23.981 -100.00 -100.00 -100.00
  74    48.947 55385.96815460 41.23  84.478339  25.696938 23.276 -100.00 -100.00 -100.00
  74    48.024 55385.96815519 51.64  84.479484  25.699377   -100 -100.00 -100.00 -100.00
  75    49.561 55395.88379049 30.47  84.477883  25.691952 29.374 -100.00 -100.00 -100.00
  75    49.649 55395.88379108 31.46  84.479028  25.694391 30.546 -100.00 -100.00 -100.00
  75    49.407 55395.88379167 32.69  84.480173  25.696830   -100 -100.00 -100.00 -100.00
  75    49.105 55395.88379226 28.53  84.481317  25.699269   -100 -100.00 -100.00 -100.00
  76    52.600 55405.79943116 37.02  84.480240  25.692268 29.043 -100.00 -100.00 -100.00
  76    52.290 55405.79943175 35.43  84.481385  25.694707 29.817 -100.00 -100.00 -100.00
  76    52.291 55405.79943234 41.35  84.482530  25.697146   -100 -100.00 -100.00 -100.00
  77    53.481 55415.71508234 21.02  84.479406  25.693618  7.899 -100.00 -100.00 -100.00
  77    53.389 55415.71508293 20.93  84.480551  25.696057  8.855 -100.00 -100.00 -100.00
  77    53.132 55415.71508352 25.40  84.481696  25.698496 19.218 -100.00 -100.00 -100.00
  78    53.434 55425.63072976 37.08  84.477448  25.692386 25.873 -100.00 -100.00 -100.00
  78    54.341 55425.63073035 38.10  84.478593  25.694825 18.694 -100.00 -100.00 -100.00
  78    53.212 55425.63073094 51.55  84.479737  25.697264   -100 -100.00 -100.00 -100.00
  78    53.256 55425.63073153 50.61  84.480882  25.699703   -100 -100.00 -100.00 -100.00
  79    54.997 55435.54637541 29.84  84.476678  25.693910 32.566 -100.00 -100.00 -100.00
  79    55.105 55435.54637600 33.33  84.477823  25.696349   -100 -100.00 -100.00 -100.00
  79    55.018 55435.54637659 33.36  84.478968  25.698788   -100 -100.00 -100.00 -100.00
  80    55.793 55445.46201999 25.24  84.475460  25.695706 17.125 -100.00 -100.00 -100.00
  80    55.683 55445.46202058 20.79  84.476606  25.698145  8.903 -100.00 -100.00 -100.00
  80    55.669 55445.46202117 21.03  84.477751  25.700584  9.663 -100.00 -100.00 -100.00
  81    56.224 55455.37766348 20.23  84.473815  25.695479  9.629 -100.00 -100.00 -100.00
  81    56.260 55455.37766407 20.28  84.474960  25.697918  8.949 -100.00 -100.00 -100.00
  81    56.715 55455.37766466 18.82  84.476105  25.700357  6.366 -100.00 -100.00 -100.00
  82    57.188 55465.29330641 45.36  84.473881  25.695121 22.959 -100.00 -100.00 -100.00
  82    56.560 55465.29330700 47.09  84.475026  25.697560   -100 -100.00 -100.00 -100.00
  82    56.536 55465.29330759 52.37  84.476171  25.699999   -100 -100.00 -100.00 -100.00
  83    55.163 55475.20894639 22.80  84.475810  25.693642 11.710 -100.00 -100.00 -100.00
  83    55.257 55475.20894698 21.44  84.476955  25.696081 11.216 -100.00 -100.00 -100.00
  83    55.382 55475.20894757 20.52  84.478100  25.698520  8.449 -100.00 -100.00 -100.00
  84    55.799 55485.12458346 25.75  84.478668  25.692931 16.964 -100.00 -100.00 -100.00
  84    53.757 55485.12458405 28.24  84.479813  25.695370 25.881 -100.00 -100.00 -100.00
  84    53.527 55485.12458464 28.08  84.480958  25.697809 24.068 -100.00 -100.00 -100.00
  85    51.654 55495.04021778 31.71  84.479651  25.690760 29.186 -100.00 -100.00 -100.00
  85    51.604 55495.04021837 33.36  84.480796  25.693199 27.299 -100.00 -100.00 -100.00
  85    51.053 55495.04021896 38.81  84.481941  25.695638 16.436 -100.00 -100.00 -100.00
  85    50.982 55495.04021955 30.77  84.483086  25.698077   -100 -100.00 -100.00 -100.00
  86    50.610 55504.95585170 37.98  84.481343  25.692020 32.245 -100.00 -100.00 -100.00
  86    51.315 55504.95585229 43.07  84.482488  25.694459   -100 -100.00 -100.00 -100.00
  86    50.980 55504.95585288 54.14  84.483633  25.696898   -100 -100.00 -100.00 -100.00
  87    51.000 55514.87150194 33.39  84.478565  25.693710 30.640 -100.00 -100.00 -100.00
  87    50.689 55514.87150253 34.20  84.479710  25.696149   -100 -100.00 -100.00 -100.00
  87    50.470 55514.87150312 40.37  84.480855  25.698588 29.419 -100.00 -100.00 -100.00
  88    51.053 55524.78715135 35.54  84.477031  25.694442 19.410 -100.00 -100.00 -100.00
  88    50.333 55524.78715194 40.97  84.478176  25.696881   -100 -100.00 -100.00 -100.00
  88    50.156 55524.78715253 34.70  84.479321  25.699321   -100 -100.00 -100.00 -100.00
  89    49.484 55534.70279850 35.41  84.475228  25.693430   -100 -100.00 -100.00 -100.00
  89    49.769 55534.70279909 36.37  84.476373  25.695870   -100 -100.00 -100.00 -100.00
  89    49.699 55534.70279968 49.67  84.477518  25.698309 31.906 -100.00 -100.00 -100.00
  89    50.323 55534.70280027 44.06  84.478663  25.700748 31.317 -100.00 -100.00 -100.00
  90    49.752 55544.61844454 34.52  84.474728  25.695311 24.741 -100.00 -100.00 -100.00
  90    49.994 55544.61844513 39.20  84.475873  25.697750   -100 -100.00 -100.00 -100.00
  90    49.604 55544.61844572 50.58  84.477018  25.700190 21.943 -100.00 -100.00 -100.00
  91    49.885 55554.53408860 32.26  84.473447  25.696259 29.461 -100.00 -100.00 -100.00
  91    49.670 55554.53408919 36.58  84.474592  25.698699   -100 -100.00 -100.00 -100.00
  91    49.315 55554.53408978 39.13  84.475737  25.701138 26.225 -100.00 -100.00 -100.00
  92    50.155 55564.44973163 28.19  84.472099  25.695969 19.014 -100.00 -100.00 -100.00
  92    49.877 55564.44973222 30.45  84.473244  25.698409 31.189 -100.00 -100.00 -100.00
  92    50.125 55564.44973281 22.96  84.474389  25.700848 15.802 -100.00 -100.00 -100.00
  93    49.770 55574.36537438 29.04  84.473143  25.695703 23.843 -100.00 -100.00 -100.00
  93    49.582 55574.36537497 30.86  84.474288  25.698142   -100 -100.00 -100.00 -100.00
  93    48.679 55574.36537556 33.47  84.475433  25.700581   -100 -100.00 -100.00 -100.00
  94    48.868 55584.28101548 34.42  84.475039  25.694214 26.622 -100.00 -100.00 -100.00
  94    48.696 55584.28101607 37.21  84.476184  25.696654   -100 -100.00 -100.00 -100.00
  94    48.811 55584.28101666 49.66  84.477329  25.699093   -100 -100.00 -100.00 -100.00
  95    49.514 55594.19665335 33.55  84.477796  25.693568 18.351 -100.00 -100.00 -100.00
  95    48.568 55594.19665394 35.51  84.478941  25.696007   -100 -100.00 -100.00 -100.00
  95    48.384 55594.19665453 35.00  84.480086  25.698447 11.757 -100.00 -100.00 -100.00
  96    48.617 55604.11228774 33.46  84.479988  25.693030   -100 -100.00 -100.00 -100.00
  96    48.240 55604.11228833 38.16  84.481133  25.695470   -100 -100.00 -100.00 -100.00
  96    49.349 55604.11228892 42.22  84.482278  25.697909 21.766 -100.00 -100.00 -100.00
  97    49.333 55614.02791973 33.57  84.481635  25.692533 18.469 -100.00 -100.00 -100.00
  97    48.818 55614.02792032 37.07  84.482780  25.694973 30.160 -100.00 -100.00 -100.00
  97    48.232 55614.02792091 33.19  84.483925  25.697412   -100 -100.00 -100.00 -100.00
  98    49.316 55623.94355694 32.36  84.481115  25.690491 19.968 -100.00 -100.00 -100.00
  98    48.148 55623.94355753 34.48  84.482260  25.692930 25.571 -100.00 -100.00 -100.00
  98    49.192 55623.94355812 41.30  84.483405  25.695370 23.956 -100.00 -100.00 -100.00
  99    48.196 55633.85920918 33.58  84.478541  25.691756   -100 -100.00 -100.00 -100.00
  99    49.327 55633.85920977 35.62  84.479687  25.694196 19.558 -100.00 -100.00 -100.00
  99    48.662 55633.85921036 48.45  84.480832  25.696635   -100 -100.00 -100.00 -100.00
 100    48.235 55643.77485949 34.65  84.478261  25.693705   -100 -100.00 -100.00 -100.00
 100    48.749 55643.77486008 40.21  84.479406  25.696144   -100 -100.00 -100.00 -100.00
 100    48.550 55643.77486067 50.72  84.480551  25.698584   -100 -100.00 -100.00 -100.00
 101    48.064 55653.69050624 32.43  84.477392  25.692166 24.581 -100.00 -100.00 -100.00
 101    49.001 55653.69050683 35.29  84.478537  25.694606 24.657 -100.00 -100.00 -100.00
 101    48.421 55653.69050742 47.61  84.479682  25.697045   -100 -100.00 -100.00 -100.00
 101    48.516 55653.69050801 45.60  84.480827  25.699485   -100 -100.00 -100.00 -100.00
 102    48.099 55663.60614915 32.39  84.477614  25.692483 25.526 -100.00 -100.00 -100.00
 102    48.982 55663.60614974 36.42  84.478759  25.694923 25.153 -100.00 -100.00 -100.00
 102    48.816 55663.60615033 47.25  84.479904  25.697362 30.823 -100.00 -100.00 -100.00
 103    48.501 55673.52178930 34.21  84.477143  25.693204   -100 -100.00 -100.00 -100.00
 103    48.133 55673.52178989 35.79  84.478288  25.695644  6.601 -100.00 -100.00 -100.00
 103    48.104 55673.52179048 41.57  84.479434  25.698083 32.085 -100.00 -100.00 -100.00
 104    48.228 55683.43742800 31.32  84.476467  25.693065   -100 -100.00 -100.00 -100.00
 104    48.136 55683.43742859 35.62  84.477613  25.695505  4.150 -100.00 -100.00 -100.00
 104    48.051 55683.43742918 31.97  84.478758  25.697944   -100 -100.00 -100.00 -100.00
 105    48.647 55693.35306570 28.00  84.477901  25.693345 29.139 -100.00 -100.00 -100.00
 105    48.355 55693.35306629 31.18  84.479046  25.695784   -100 -100.00 -100.00 -100.00
 105    48.098 55693.35306688 25.51  84.480191  25.698224 26.542 -100.00 -100.00 -100.00
 106    48.681 55703.26870161 32.67  84.480150  25.691838 26.959 -100.00 -100.00 -100.00
 106    48.183 55703.26870220 36.65  84.481295  25.694278  2.003 -100.00 -100.00 -100.00
 106    48.199 55703.26870279 33.77  84.482440  25.696717  0.618 -100.00 -100.00 -100.00
 107    48.579 55713.18434604 31.51  84.479876  25.690734 28.209 -100.00 -100.00 -100.00
 107    48.447 55713.18434663 33.34  84.481021  25.693173   -100 -100.00 -100.00 -100.00
 107    48.296 55713.18434722 38.55  84.482166  25.695613 16.726 -100.00 -100.00 -100.00
 107    48.247 55713.18434781 42.63  84.483311  25.698052   -100 -100.00 -100.00 -100.00
 108    48.265 55723.09999552 30.43  84.477696  25.692647   -100 -100.00 -100.00 -100.00
 108    48.682 55723.09999611 32.65  84.478841  25.695087   -100 -100.00 -100.00 -100.00
 108    48.539 55723.09999670 37.66  84.479986  25.697526  8.492 -100.00 -100.00 -100.00
 109    55.745 55733.01564282 25.62  84.475421  25.694513 14.494 -100.00 -100.00 -100.00
 109    51.126 55733.01564341 26.77  84.476566  25.696952 15.255 -100.00 -100.00 -100.00
 109    56.379 55733.01564400 26.77  84.477711  25.699392 17.119 -100.00 -100.00 -100.00
 110    53.847 55742.93128880 41.47  84.474603  25.696253  1.804 -100.00 -100.00 -100.00
 110    53.730 55742.93128939 40.68  84.475748  25.698692 11.781 -100.00 -100.00 -100.00
 110    53.717 55742.93128998 34.62  84.476893  25.701131   -100 -100.00 -100.00 -100.00
 111    53.798 55752.84693283 42.06  84.474357  25.695010   -100 -100.00 -100.00 -100.00
 111    53.598 55752.84693342 41.45  84.475502  25.697449   -100 -100.00 -100.00 -100.00
 111    56.553 55752.84693401 37.97  84.476647  25.699888   -100 -100.00 -100.00 -100.00
 112    53.995 55762.76257504 43.40  84.476974  25.694889  1.047 -100.00 -100.00 -100.00
 112    54.119 55762.76257563 41.22  84.478119  25.697328   -100 -100.00 -100.00 -100.00
 112    54.084 55762.76257622 44.41  84.479264  25.699767   -100 -100.00 -100.00 -100.00
 113    56.510 55772.67821389 45.46  84.478426  25.692229   -100 -100.00 -100.00 -100.00
 113    56.047 55772.67821448 36.81  84.479571  25.694668   -100 -100.00 -100.00 -100.00
 113    56.194 55772.67821507 36.06  84.480716  25.697107 28.959 -100.00 -100.00 -100.00
 114    56.551 55782.59384963 33.43  84.479354  25.690952 28.264 -100.00 -100.00 -100.00
 114    57.132 55782.59385022 29.13  84.480499  25.693391 14.754 -100.00 -100.00 -100.00
 114    57.327 55782.59385081 29.15  84.481644  25.695830 13.730 -100.00 -100.00 -100.00
 114    57.247 55782.59385140 36.45  84.482790  25.698269   -100 -100.00 -100.00 -100.00
 115    57.036 55792.50948360 35.56  84.480866  25.692053   -100 -100.00 -100.00 -100.00
 115    57.034 55792.50948419 31.82  84.482011  25.694492 20.480 -100.00 -100.00 -100.00
 115    57.425 55792.50948478 31.84  84.483156  25.696931 19.191 -100.00 -100.00 -100.00
 116    56.989 55802.42511777 40.17  84.481674  25.690319 12.259 -100.00 -100.00 -100.00
 116    56.952 55802.42511836 30.50  84.482819  25.692758 22.857 -100.00 -100.00 -100.00
 116    57.055 55802.42511895 28.00  84.483964  25.695197 13.365 -100.00 -100.00 -100.00
 117    56.646 55812.34076857 31.47  84.480627  25.692722 26.182 -100.00 -100.00 -100.00
 117    56.667 55812.34076916 28.25  84.481772  25.695161 13.665 -100.00 -100.00 -100.00
 117    56.728 55812.34076975 29.45  84.482917  25.697600 15.097 -100.00 -100.00 -100.00
 118    56.648 55822.25641721 43.89  84.480082  25.692259   -100 -100.00 -100.00 -100.00
 118    56.659 55822.25641780 41.61  84.481227  25.694698 30.753 -100.00 -100.00 -100.00
 118    56.652 55822.25641839 48.50  84.482372  25.697137   -100 -100.00 -100.00 -100.00
 119    56.927 55832.17206092 48.50  84.480410  25.690925   -100 -100.00 -100.00 -100.00
 119    56.928 55832.17206151 48.18  84.481555  25.693364   -100 -100.00 -100.00 -100.00
 119    56.940 55832.17206210 51.74  84.482700  25.695803 13.829 -100.00 -100.00 -100.00
 120    52.720 55842.08770042 43.01  84.481376  25.691200   -100 -100.00 -100.00 -100.00
 120    52.675 55842.08770101 37.20  84.482521  25.693640   -100 -100.00 -100.00 -100.00
 120    52.479 55842.08770160 33.41  84.483666  25.696079 32.508 -100.00 -100.00 -100.00
 121    51.315 55852.00333652 43.45  84.481504  25.691320   -100 -100.00 -100.00 -100.00
 121    51.056 55852.00333711 41.55  84.482649  25.693759  6.471 -100.00 -100.00 -100.00
 121    51.199 55852.00333770 46.41  84.483794  25.696198   -100 -100.00 -100.00 -100.00
 122    50.946 55861.91897010 41.46  84.481767  25.690744   -100 -100.00 -100.00 -100.00
 122    50.796 55861.91897069 41.14  84.482912  25.693183   -100 -100.00 -100.00 -100.00
 122    50.702 55861.91897128 39.51  84.484057  25.695622   -100 -100.00 -100.00 -100.00
 123    51.088 55871.83462440 41.20  84.478296  25.692823 23.409 -100.00 -100.00 -100.00
 123    50.539 55871.83462499 40.06  84.479441  25.695262   -100 -100.00 -100.00 -100.00
 123    50.399 55871.83462558 42.54  84.480586  25.697701   -100 -100.00 -100.00 -100.00
 124    50.656 55881.75027431 39.47  84.478339  25.694318 27.506 -100.00 -100.00 -100.00
 124    50.274 55881.75027490 42.46  84.479484  25.696757   -100 -100.00 -100.00 -100.00
 124    50.456 55881.75027549 46.46  84.480629  25.699196 31.765 -100.00 -100.00 -100.00
 125    50.554 55891.66591744 39.43  84.479046  25.694167 18.955 -100.00 -100.00 -100.00
 125    49.952 55891.66591803 43.14  84.480190  25.696607   -100 -100.00 -100.00 -100.00
 125    49.730 55891.66591862 46.36  84.481335  25.699046   -100 -100.00 -100.00 -100.00
 126    49.995 55901.58155478 35.77  84.479834  25.692942 28.798 -100.00 -100.00 -100.00
 126    49.112 55901.58155537 40.50  84.480979  25.695381   -100 -100.00 -100.00 -100.00
 126    49.286 55901.58155596 51.68  84.482124  25.697820 14.106 -100.00 -100.00 -100.00
 127    50.335 55911.49718872 37.49  84.480713  25.692135 20.408 -100.00 -100.00 -100.00
 127    49.859 55911.49718931 38.38  84.481858  25.694574 25.653 -100.00 -100.00 -100.00
 127    49.056 55911.49718990 38.01  84.483003  25.697014   -100 -100.00 -100.00 -100.00
 128    50.471 55921.41284341 34.34  84.475735  25.693289 23.440 -100.00 -100.00 -100.00
 128    49.887 55921.41284400 34.64  84.476880  25.695729 27.487 -100.00 -100.00 -100.00
 128    48.873 55921.41284459 39.28  84.478025  25.698168   -100 -100.00 -100.00 -100.00
 128    49.731 55921.41284518 43.44  84.479170  25.700608 23.898 -100.00 -100.00 -100.00
 129    50.309 55931.32849587 31.16  84.474321  25.694533 23.026 -100.00 -100.00 -100.00
 129    50.177 55931.32849646 32.84  84.475466  25.696973 26.016 -100.00 -100.00 -100.00
 129    48.501 55931.32849705 35.88  84.476611  25.699412 26.135 -100.00 -100.00 -100.00
 130    49.589 55941.24414453 31.85  84.475740  25.695613 27.491 -100.00 -100.00 -100.00
 130    49.097 55941.24414513 34.77  84.476885  25.698052 24.239 -100.00 -100.00 -100.00
 130    48.727 55941.24414572 36.67  84.478030  25.700492 27.725 -100.00 -100.00 -100.00
 131    49.715 55951.15978806 32.09  84.476367  25.694271 29.856 -100.00 -100.00 -100.00
 131    49.396 55951.15978865 34.41  84.477513  25.696710   -100 -100.00 -100.00 -100.00
 131    49.733 55951.15978924 38.34  84.478658  25.699150 24.612 -100.00 -100.00 -100.00
 132    49.516 55961.07542756 33.37  84.475937  25.693322   -100 -100.00 -100.00 -100.00
 132    49.516 55961.07542815 34.86  84.477083  25.695761 22.204 -100.00 -100.00 -100.00
 132    48.655 55961.07542874 37.57  84.478228  25.698201   -100 -100.00 -100.00 -100.00
 132    49.204 55961.07542933 42.30  84.479373  25.700640 30.918 -100.00 -100.00 -100.00
 133    49.307 55970.99106478 31.48  84.475588  25.693754   -100 -100.00 -100.00 -100.00
 133    49.286 55970.99106537 31.66  84.476733  25.696194 31.671 -100.00 -100.00 -100.00
 133    48.502 55970.99106596 33.79  84.477879  25.698633   -100 -100.00 -100.00 -100.00
 134    49.708 55980.90670042 32.62  84.476340  25.692706 23.564 -100.00 -100.00 -100.00
 134    49.443 55980.90670101 32.75  84.477485  25.695146 20.650 -100.00 -100.00 -100.00
 134    49.237 55980.90670160 39.47  84.478630  25.697585 22.634 -100.00 -100.00 -100.00
 134    48.392 55980.90670219 43.62  84.479775  25.700025 14.504 -100.00 -100.00 -100.00
 135    49.051 55990.82233520 31.68  84.480109  25.692027 24.992 -100.00 -100.00 -100.00
 135    47.943 55990.82233579 33.76  84.481255  25.694467 23.571 -100.00 -100.00 -100.00
 135    48.309 55990.82233639 36.84  84.482400  25.696906 23.669 -100.00 -100.00 -100.00
 136    48.694 56000.73798008 31.61  84.481420  25.691979 30.309 -100.00 -100.00 -100.00
 136    48.076 56000.73798067 33.87  84.482565  25.694418 29.907 -100.00 -100.00 -100.00
 136    47.949 56000.73798126 38.47  84.483710  25.696857 28.389 -100.00 -100.00 -100.00
 137    48.692 56010.65362982 30.55  84.479661  25.691262   -100 -100.00 -100.00 -100.00
 137    47.984 56010.65363041 31.65  84.480806  25.693701 26.850 -100.00 -100.00 -100.00
 137    48.226 56010.65363100 33.80  84.481952  25.696141 28.829 -100.00 -100.00 -100.00
 138    49.495 56020.56927648 31.71  84.478548  25.693633 18.598 -100.00 -100.00 -100.00
 138    48.043 56020.56927707 35.83  84.479694  25.696072   -100 -100.00 -100.00 -100.00
 138    48.968 56020.56927766 40.43  84.480839  25.698511 25.474 -100.00 -100.00 -100.00
 139    48.569 56030.48492022 30.75  84.476521  25.695462   -100 -100.00 -100.00 -100.00
 139    48.142 56030.48492081 32.72  84.477666  25.697902   -100 -100.00 -100.00 -100.00
 139    47.986 56030.48492140 33.51  84.478812  25.700341   -100 -100.00 -100.00 -100.00
 140    48.620 56040.40056174 21.18  84.474620  25.695027 17.698 -100.00 -100.00 -100.00
 140    48.680 56040.40056233 19.69  84.475766  25.697466 14.524 -100.00 -100.00 -100.00
 140    47.311 56040.40056292 22.67  84.476911  25.699906 25.374 -100.00 -100.00 -100.00
 141    48.408 56050.31620153 29.53  84.475720  25.695372 30.064 -100.00 -100.00 -100.00
 141    48.399 56050.31620212 31.64  84.476865  25.697811 27.473 -100.00 -100.00 -100.00
 141    47.955 56050.31620271 33.90  84.478010  25.700251   -100 -100.00 -100.00 -100.00
 142    48.567 56060.23183825 27.18  84.477861  25.693200 31.032 -100.00 -100.00 -100.00
 142    48.303 56060.23183884 29.89  84.479006  25.695640   -100 -100.00 -100.00 -100.00
 142    48.292 56060.23183943 22.38  84.480151  25.698079 15.030 -100.00 -100.00 -100.00
 143    47.757 56070.14747459 28.26  84.480867  25.691219   -100 -100.00 -100.00 -100.00
 143    47.905 56070.14747518 29.38  84.482012  25.693658   -100 -100.00 -100.00 -100.00
 143    47.440 56070.14747577 30.90  84.483157  25.696098   -100 -100.00 -100.00 -100.00
 144    48.563 56080.06312582 26.21  84.479068  25.694061 29.304 -100.00 -100.00 -100.00
 144    48.482 56080.06312641 23.66  84.480213  25.696500 18.704 -100.00 -100.00 -100.00
 144    48.630 56080.06312700 20.09  84.481358  25.698939 10.445 -100.00 -100.00 -100.00
 145    48.221 56089.97877372 25.50  84.476217  25.695333 25.963 -100.00 -100.00 -100.00
 145    48.027 56089.97877431 28.82  84.477362  25.697772   -100 -100.00 -100.00 -100.00
 145    47.737 56089.97877490 29.94  84.478507  25.700211   -100 -100.00 -100.00 -100.00
 146    48.285 56099.89441871 23.51  84.474110  25.694629 19.662 -100.00 -100.00 -100.00
 146    53.698 56099.89441930 21.90  84.475255  25.697068 15.580 -100.00 -100.00 -100.00
 146    51.795 56099.89441989 20.11  84.476400  25.699507 11.492 -100.00 -100.00 -100.00
 147    48.322 56109.81004996 18.62  84.474830  25.694408 11.272 -100.00 -100.00 -100.00
 147    48.087 56109.81005055 22.49  84.475975  25.696847 21.454 -100.00 -100.00 -100.00
 147    48.201 56109.81005115 19.48  84.477120  25.699287 14.015 -100.00 -100.00 -100.00
 148    49.969 56119.72568984 29.79  84.477803  25.693528 19.036 -100.00 -100.00 -100.00
 148    51.180 56119.72569043 32.74  84.478948  25.695968 18.002 -100.00 -100.00 -100.00
 148    49.846 56119.72569102 32.04  84.480093  25.698407   -100 -100.00 -100.00 -100.00
 149    51.053 56129.64132577 28.24  84.480776  25.690777   -100 -100.00 -100.00 -100.00
 149    50.887 56129.64132636 29.87  84.481921  25.693216 32.103 -100.00 -100.00 -100.00
 149    50.545 56129.64132695 31.35  84.483066  25.695655  1.436 -100.00 -100.00 -100.00
 150    52.900 56139.55695893 36.95  84.482780  25.689455   -100 -100.00 -100.00 -100.00
 150    52.762 56139.55695952 32.94  84.483925  25.691894   -100 -100.00 -100.00 -100.00
 150    52.450 56139.55696011 29.40  84.485070  25.694333   -100 -100.00 -100.00 -100.00
 151    56.301 56149.47260914 20.52  84.479573  25.692501  8.366 -100.00 -100.00 -100.00
 151    55.218 56149.47260973 22.60  84.480718  25.694940 12.121 -100.00 -100.00 -100.00
 151    56.667 56149.47261032 22.70  84.481863  25.697379 12.771 -100.00 -100.00 -100.00
 152    55.193 56159.38825876 34.81  84.477235  25.694642   -100 -100.00 -100.00 -100.00
 152    55.168 56159.38825935 35.59  84.478380  25.697081   -100 -100.00 -100.00 -100.00
 152    55.227 56159.38825995 33.51  84.479525  25.699520   -100 -100.00 -100.00 -100.00
 153    55.977 56169.30390682 25.08  84.476516  25.694588 14.018 -100.00 -100.00 -100.00
 153    55.915 56169.30390741 26.48  84.477661  25.697027 16.570 -100.00 -100.00 -100.00
 153    55.915 56169.30390800 29.44  84.478806  25.699466 26.925 -100.00 -100.00 -100.00
 154    55.082 56179.21955159 38.22  84.477644  25.694003   -100 -100.00 -100.00 -100.00
 154    54.795 56179.21955218 35.57  84.478789  25.696442   -100 -100.00 -100.00 -100.00
 154    54.796 56179.21955277 34.91  84.479934  25.698881   -100 -100.00 -100.00 -100.00
 155    57.123 56189.13519215 49.63  84.479171  25.693786   -100 -100.00 -100.00 -100.00
 155    57.109 56189.13519274 51.00  84.480316  25.696225   -100 -100.00 -100.00 -100.00
 155    56.909 56189.13519333 51.92  84.481461  25.698664  4.525 -100.00 -100.00 -100.00
 156    54.844 56199.05082870 48.97  84.478724  25.691357 13.594 -100.00 -100.00 -100.00
 156    55.083 56199.05082929 44.74  84.479869  25.693796   -100 -100.00 -100.00 -100.00
 156    54.911 56199.05082989 40.53  84.481014  25.696235   -100 -100.00 -100.00 -100.00
 156    54.751 56199.05083048 43.95  84.482159  25.698674  5.543 -100.00 -100.00 -100.00
 157    52.036 56208.96646333 35.66  84.480179  25.693058   -100 -100.00 -100.00 -100.00
 157    56.191 56208.96646392 23.93  84.481324  25.695497  8.026 -100.00 -100.00 -100.00
 157    57.133 56208.96646451 21.66  84.482469  25.697937  5.463 -100.00 -100.00 -100.00
 158    50.933 56218.88209513 41.46  84.480689  25.690573 29.369 -100.00 -100.00 -100.00
 158    51.939 56218.88209572 40.44  84.481834  25.693012 14.831 -100.00 -100.00 -100.00
 158    50.649 56218.88209631 45.67  84.482979  25.695451   -100 -100.00 -100.00 -100.00
 159    50.427 56228.79774194 36.89  84.480249  25.692332   -100 -100.00 -100.00 -100.00
 159    50.212 56228.79774253 38.40  84.481394  25.694771   -100 -100.00 -100.00 -100.00
 159    50.078 56228.79774312 30.99  84.482539  25.697210 31.468 -100.00 -100.00 -100.00
 160    50.391 56238.71339534 35.94  84.478262  25.692084   -100 -100.00 -100.00 -100.00
 160    51.309 56238.71339593 35.79  84.479406  25.694523 14.640 -100.00 -100.00 -100.00
 160    49.969 56238.71339652 41.72  84.480551  25.696962   -100 -100.00 -100.00 -100.00
 161    49.828 56248.62904568 34.74  84.477796  25.694413 28.959 -100.00 -100.00 -100.00
 161    49.556 56248.62904627 36.98  84.478941  25.696853 26.161 -100.00 -100.00 -100.00
 161    50.773 56248.62904686 40.47  84.480085  25.699292 16.240 -100.00 -100.00 -100.00
 162    49.802 56258.54469070 30.51  84.476823  25.694047 21.970 -100.00 -100.00 -100.00
 162    49.200 56258.54469129 35.07  84.477968  25.696486   -100 -100.00 -100.00 -100.00
 162    49.326 56258.54469188 35.99  84.479113  25.698925 21.563 -100.00 -100.00 -100.00
 163    49.516 56268.46033319 32.42  84.476350  25.694854   -100 -100.00 -100.00 -100.00
 163    48.983 56268.46033378 32.81  84.477495  25.697294 32.527 -100.00 -100.00 -100.00
 163    49.097 56268.46033437 36.96  84.478640  25.699733 24.309 -100.00 -100.00 -100.00
 164    50.447 56278.37597378 22.03  84.475869  25.694111 15.203 -100.00 -100.00 -100.00
 164    49.703 56278.37597437 22.68  84.477014  25.696550 19.384 -100.00 -100.00 -100.00
 164    50.488 56278.37597496 18.66  84.478159  25.698989  9.246 -100.00 -100.00 -100.00
 165    50.408 56288.29162391 21.71  84.475193  25.696081 12.850 -100.00 -100.00 -100.00
 165    50.563 56288.29162450 21.57  84.476338  25.698520 10.926 -100.00 -100.00 -100.00
 165    48.796 56288.29162509 28.48  84.477483  25.700959   -100 -100.00 -100.00 -100.00
 166    49.225 56298.20727281 22.69  84.474352  25.694322 15.185 -100.00 -100.00 -100.00
 166    49.200 56298.20727340 23.26  84.475497  25.696762 16.342 -100.00 -100.00 -100.00
 166    48.966 56298.20727399 25.09  84.476642  25.699201 18.208 -100.00 -100.00 -100.00
 166    48.604 56298.20727459 29.46  84.477787  25.701641   -100 -100.00 -100.00 -100.00
 167    48.644 56308.12291814 32.51  84.474849  25.694358   -100 -100.00 -100.00 -100.00
 167    49.628 56308.12291874 33.82  84.475994  25.696797 19.978 -100.00 -100.00 -100.00
 167    48.600 56308.12291933 34.91  84.477139  25.699237 28.349 -100.00 -100.00 -100.00
 168    48.558 56318.03856057 23.14  84.474828  25.694480 14.476 -100.00 -100.00 -100.00
 168    49.109 56318.03856116 29.70  84.475974  25.696920 23.637 -100.00 -100.00 -100.00
 168    49.330 56318.03856175 30.65  84.477119  25.699359 20.603 -100.00 -100.00 -100.00
 169    48.544 56327.95420155 30.60  84.474336  25.695361   -100 -100.00 -100.00 -100.00
 169    48.517 56327.95420214 31.76  84.475482  25.697801   -100 -100.00 -100.00 -100.00
 169    48.240 56327.95420273 32.85  84.476627  25.700240 20.995 -100.00 -100.00 -100.00
 170    48.744 56337.86984119 30.83  84.474754  25.694819 30.041 -100.00 -100.00 -100.00
 170    48.766 56337.86984178 31.96  84.475899  25.697258 22.272 -100.00 -100.00 -100.00
 170    48.594 56337.86984237 34.98  84.477044  25.699698 27.749 -100.00 -100.00 -100.00
 171    49.418 56347.78547894 30.30  84.477106  25.693326   -100 -100.00 -100.00 -100.00
 171    49.205 56347.78547953 32.92  84.478251  25.695765 28.944 -100.00 -100.00 -100.00
 171    49.041 56347.78548012 34.99  84.479396  25.698204 22.349 -100.00 -100.00 -100.00
 172    50.443 56357.70111428 34.01  84.481072  25.692542 16.252 -100.00 -100.00 -100.00
 172    48.937 56357.70111487 36.96  84.482217  25.694982 20.785 -100.00 -100.00 -100.00
 172    49.986 56357.70111546 43.84  84.483362  25.697421 26.277 -100.00 -100.00 -100.00
 173    48.797 56367.61676291 31.58  84.478610  25.691620   -100 -100.00 -100.00 -100.00
 173    48.973 56367.61676350 32.90  84.479755  25.694060 27.534 -100.00 -100.00 -100.00
 173    48.881 56367.61676409 34.00  84.480901  25.696499 26.442 -100.00 -100.00 -100.00
 173    48.886 56367.61676468 46.85  84.482046  25.698938   -100 -100.00 -100.00 -100.00
 176    48.146 56397.36370078 17.06  84.472776  25.695555 10.634 -100.00 -100.00 -100.00
 176    48.221 56397.36370137 18.33  84.473921  25.697994 12.746 -100.00 -100.00 -100.00
 176    48.385 56397.36370196 17.68  84.475066  25.700434 11.407 -100.00 -100.00 -100.00
 177    48.167 56407.27934209 29.42  84.473585  25.694789 31.116 -100.00 -100.00 -100.00
 177    49.061 56407.27934268 31.89  84.474730  25.697229 19.671 -100.00 -100.00 -100.00
 177    47.988 56407.27934327 33.01  84.475875  25.699668 18.915 -100.00 -100.00 -100.00
 177    49.288 56407.27934386 38.69  84.477020  25.702108 21.330 -100.00 -100.00 -100.00
 178    47.683 56417.19497948 17.77  84.475841  25.693100 12.758 -100.00 -100.00 -100.00
 178    47.547 56417.19498007 20.61  84.476986  25.695540 18.546 -100.00 -100.00 -100.00
 178    47.262 56417.19498066 21.86  84.478131  25.697980 24.271 -100.00 -100.00 -100.00
 178    47.934 56417.19498125 18.37  84.479276  25.700419 14.003 -100.00 -100.00 -100.00
 179    47.542 56427.11061219 20.90  84.479772  25.691671 20.240 -100.00 -100.00 -100.00
 179    47.540 56427.11061278 24.18  84.480917  25.694111 31.532 -100.00 -100.00 -100.00
 179    47.525 56427.11061337 23.80  84.482062  25.696550 31.377 -100.00 -100.00 -100.00
 180    47.226 56437.02626406 19.31  84.477084  25.693084 14.570 -100.00 -100.00 -100.00
 180    47.452 56437.02626465 18.88  84.478229  25.695523 15.547 -100.00 -100.00 -100.00
 180    47.511 56437.02626524 18.98  84.479374  25.697963 15.314 -100.00 -100.00 -100.00
 181    47.961 56446.94191536 20.47  84.474156  25.694813 11.615 -100.00 -100.00 -100.00
 181    48.507 56446.94191595 22.01  84.475301  25.697253 13.051 -100.00 -100.00 -100.00
 181    56.568 56446.94191654 22.61  84.476446  25.699692 15.093 -100.00 -100.00 -100.00
 182    48.087 56456.85756443 17.52  84.473016  25.696341 11.440 -100.00 -100.00 -100.00
 182    48.350 56456.85756502 18.34  84.474161  25.698781 11.063 -100.00 -100.00 -100.00
 182    48.148 56456.85756561 18.97  84.475306  25.701220 13.625 -100.00 -100.00 -100.00
 183    52.644 56466.77321016 30.07  84.473189  25.696668 20.095 -100.00 -100.00 -100.00
 183    51.952 56466.77321075 31.86  84.474334  25.699107   -100 -100.00 -100.00 -100.00
 183    51.750 56466.77321134 34.79  84.475479  25.701546 12.319 -100.00 -100.00 -100.00
 184    55.658 56476.68885161 32.85  84.474176  25.694835   -100 -100.00 -100.00 -100.00
 184    55.538 56476.68885220 34.29  84.475321  25.697274   -100 -100.00 -100.00 -100.00
 184    55.435 56476.68885279 31.30  84.476466  25.699713   -100 -100.00 -100.00 -100.00
 185    54.395 56486.60448977 32.21  84.476425  25.693542   -100 -100.00 -100.00 -100.00
 185    54.465 56486.60449036 28.67  84.477571  25.695981 31.779 -100.00 -100.00 -100.00
 185    54.526 56486.60449095 28.30  84.478716  25.698420 26.641 -100.00 -100.00 -100.00
 186    55.820 56496.52012584 27.50  84.478825  25.694025 27.216 -100.00 -100.00 -100.00
 186    55.617 56496.52012643 22.28  84.479970  25.696464 11.378 -100.00 -100.00 -100.00
 186    55.311 56496.52012702 24.32  84.481115  25.698903 18.963 -100.00 -100.00 -100.00
 187    57.572 56506.43575991 46.33  84.479563  25.691054   -100 -100.00 -100.00 -100.00
 187    57.614 56506.43576050 44.68  84.480708  25.693493 19.156 -100.00 -100.00 -100.00
 187    57.577 56506.43576109 35.03  84.481853  25.695932 30.157 -100.00 -100.00 -100.00
 188    56.865 56516.35139470 41.14  84.481869  25.689719   -100 -100.00 -100.00 -100.00
 188    56.808 56516.35139529 33.61  84.483014  25.692159 23.594 -100.00 -100.00 -100.00
 188    56.798 56516.35139588 31.15  84.484159  25.694598 16.833 -100.00 -100.00 -100.00
 189    57.564 56526.26705012 33.29  84.480513  25.692740 25.939 -100.00 -100.00 -100.00
 189    57.433 56526.26705071 32.84  84.481658  25.695179 23.565 -100.00 -100.00 -100.00
 189    57.489 56526.26705130 38.67  84.482803  25.697618   -100 -100.00 -100.00 -100.00
 190    58.084 56536.18270056 45.41  84.478602  25.691885   -100 -100.00 -100.00 -100.00
 190    58.117 56536.18270115 43.96  84.479747  25.694324   -100 -100.00 -100.00 -100.00
 190    58.162 56536.18270174 43.79  84.480892  25.696763   -100 -100.00 -100.00 -100.00
 192    57.053 56556.01399174 28.93  84.475750  25.695055 14.022 -100.00 -100.00 -100.00
 192    56.879 56556.01399233 28.93  84.476895  25.697494 17.287 -100.00 -100.00 -100.00
 192    56.874 56556.01399292 26.00  84.478040  25.699933  9.772 -100.00 -100.00 -100.00
 193    56.753 56565.92963413 34.92  84.474439  25.694933   -100 -100.00 -100.00 -100.00
 193    56.471 56565.92963472 29.38  84.475584  25.697372 20.540 -100.00 -100.00 -100.00
 193    52.656 56565.92963531 31.30  84.476729  25.699811 28.894 -100.00 -100.00 -100.00
 194    54.800 56575.84527557 46.67  84.475483  25.696088   -100 -100.00 -100.00 -100.00
 194    54.536 56575.84527616 49.29  84.476628  25.698527 26.789 -100.00 -100.00 -100.00
 194    54.911 56575.84527675 50.22  84.477773  25.700966   -100 -100.00 -100.00 -100.00
 195    53.887 56585.76091315 44.04  84.477228  25.693498   -100 -100.00 -100.00 -100.00
 195    53.650 56585.76091374 42.87  84.478373  25.695937   -100 -100.00 -100.00 -100.00
 195    53.712 56585.76091433 36.09  84.479518  25.698376 29.900 -100.00 -100.00 -100.00
 196    52.456 56595.67655071 41.32  84.480126  25.692394   -100 -100.00 -100.00 -100.00
 196    52.388 56595.67655130 40.85  84.481271  25.694833 29.064 -100.00 -100.00 -100.00
 196    53.678 56595.67655189 42.78  84.482415  25.697273 15.213 -100.00 -100.00 -100.00
 197    52.355 56605.59220324 43.90  84.477629  25.693901  2.146 -100.00 -100.00 -100.00
 197    51.322 56605.59220383 44.04  84.478774  25.696340 14.826 -100.00 -100.00 -100.00
 197    51.295 56605.59220442 46.35  84.479919  25.698779   -100 -100.00 -100.00 -100.00
 198    51.036 56615.50785106 37.63  84.475629  25.694791   -100 -100.00 -100.00 -100.00
 198    52.076 56615.50785165 36.03  84.476774  25.697230 16.310 -100.00 -100.00 -100.00
 198    51.626 56615.50785224 38.85  84.477919  25.699669 24.469 -100.00 -100.00 -100.00
 199    50.702 56625.42349573 33.81  84.475669  25.696187   -100 -100.00 -100.00 -100.00
 199    50.661 56625.42349632 34.92  84.476814  25.698627   -100 -100.00 -100.00 -100.00
 199    50.745 56625.42349691 35.79  84.477959  25.701066   -100 -100.00 -100.00 -100.00
 200    50.850 56635.33913740 33.53  84.476304  25.695687 31.434 -100.00 -100.00 -100.00
 200    49.995 56635.33913799 35.23  84.477449  25.698126   -100 -100.00 -100.00 -100.00
 200    50.236 56635.33913858 38.94  84.478594  25.700565 28.299 -100.00 -100.00 -100.00
 201    51.302 56645.25477596 25.36  84.477781  25.692739 13.617 -100.00 -100.00 -100.00
 201    50.828 56645.25477655 27.50  84.478926  25.695178 18.595 -100.00 -100.00 -100.00
 201    49.791 56645.25477714 32.70  84.480071  25.697618   -100 -100.00 -100.00 -100.00
 202    54.051 56655.17042906 25.56  84.476044  25.693821 17.377 -100.00 -100.00 -100.00
 202    50.438 56655.17042965 29.83  84.477190  25.696261   -100 -100.00 -100.00 -100.00
 202    50.302 56655.17043024 29.02  84.478335  25.698700 32.698 -100.00 -100.00 -100.00
 203    50.198 56665.08607758 30.42  84.474651  25.694036 31.036 -100.00 -100.00 -100.00
 203    50.458 56665.08607817 30.95  84.475796  25.696475 18.136 -100.00 -100.00 -100.00
 203    50.038 56665.08607876 32.49  84.476941  25.698915 32.103 -100.00 -100.00 -100.00
 203    49.629 56665.08607935 31.87  84.478087  25.701354   -100 -100.00 -100.00 -100.00
 204    50.451 56675.00172368 26.26  84.474574  25.696360 25.769 -100.00 -100.00 -100.00
 204    50.349 56675.00172427 27.80  84.475719  25.698800   -100 -100.00 -100.00 -100.00
 204    50.237 56675.00172486 23.81  84.476865  25.701239 19.730 -100.00 -100.00 -100.00
 205    50.192 56684.91736782 28.29  84.473782  25.695953 27.216 -100.00 -100.00 -100.00
 205    50.554 56684.91736841 30.17  84.474927  25.698393 21.969 -100.00 -100.00 -100.00
 205    50.033 56684.91736900 32.91  84.476073  25.700832   -100 -100.00 -100.00 -100.00
 206    50.236 56694.83300983 30.59  84.474385  25.694924   -100 -100.00 -100.00 -100.00
 206    49.970 56694.83301042 32.07  84.475530  25.697364 30.681 -100.00 -100.00 -100.00
 206    49.744 56694.83301101 34.31  84.476675  25.699803 30.361 -100.00 -100.00 -100.00
 207    49.967 56704.74864765 34.06  84.477492  25.694084   -100 -100.00 -100.00 -100.00
 207    49.962 56704.74864824 35.34  84.478637  25.696523   -100 -100.00 -100.00 -100.00
 207    49.766 56704.74864883 36.42  84.479782  25.698963   -100 -100.00 -100.00 -100.00
 208    50.215 56714.66428009 32.08  84.481280  25.692810 26.372 -100.00 -100.00 -100.00
 208    50.438 56714.66428068 35.24  84.482425  25.695250 23.995 -100.00 -100.00 -100.00
 208    50.419 56714.66428127 41.82  84.483570  25.697689 28.689 -100.00 -100.00 -100.00
 209    49.804 56724.57993103 32.80  84.477290  25.693300   -100 -100.00 -100.00 -100.00
 209    49.757 56724.57993162 35.02  84.478436  25.695739   -100 -100.00 -100.00 -100.00
 209    49.741 56724.57993221 35.40  84.479581  25.698179   -100 -100.00 -100.00 -100.00
 210    50.024 56734.49558134 29.86  84.473693  25.695890 28.279 -100.00 -100.00 -100.00
 210    50.080 56734.49558193 32.20  84.474838  25.698329 23.276 -100.00 -100.00 -100.00
 210    49.894 56734.49558253 34.31  84.475984  25.700769 19.375 -100.00 -100.00 -100.00
 211    50.004 56744.41122847 24.57  84.471773  25.697674 20.566 -100.00 -100.00 -100.00
 211    50.099 56744.41122906 25.64  84.472918  25.700113 23.665 -100.00 -100.00 -100.00
 211    49.803 56744.41122965 27.78  84.474063  25.702553   -100 -100.00 -100.00 -100.00
 212    49.233 56754.32687075 27.92  84.471943  25.695504 25.670 -100.00 -100.00 -100.00
 212    49.667 56754.32687134 31.10  84.473088  25.697943 27.487 -100.00 -100.00 -100.00
 212    49.161 56754.32687193 32.19  84.474233  25.700383 20.393 -100.00 -100.00 -100.00
 212    49.309 56754.32687252 34.19  84.475378  25.702822   -100 -100.00 -100.00 -100.00
 213    49.249 56764.24250807 23.30  84.475888  25.694521 20.056 -100.00 -100.00 -100.00
 213    49.485 56764.24250867 26.65  84.477033  25.696961 30.030 -100.00 -100.00 -100.00
 213    49.194 56764.24250926 26.81  84.478178  25.699400   -100 -100.00 -100.00 -100.00
 214    49.570 56774.15814392 31.77  84.478964  25.693157 26.738 -100.00 -100.00 -100.00
 214    50.355 56774.15814451 32.13  84.480109  25.695596 14.997 -100.00 -100.00 -100.00
 214    49.650 56774.15814510 36.27  84.481254  25.698036 30.888 -100.00 -100.00 -100.00
 215    49.075 56784.07380094 29.43  84.474499  25.694904 21.838 -100.00 -100.00 -100.00
 215    49.230 56784.07380153 32.63  84.475644  25.697343 29.423 -100.00 -100.00 -100.00
 215    49.505 56784.07380212 34.09  84.476789  25.699783 21.451 -100.00 -100.00 -100.00
 216    48.764 56793.98945432 27.74  84.470854  25.697353 26.495 -100.00 -100.00 -100.00
 216    49.452 56793.98945491 30.95  84.471999  25.699793 23.429 -100.00 -100.00 -100.00
 216    48.830 56793.98945550 32.27  84.473144  25.702232 27.388 -100.00 -100.00 -100.00
 217    50.635 56803.90510449 21.17  84.469367  25.699957 11.137 -100.00 -100.00 -100.00
 217    50.270 56803.90510508 21.97  84.470512  25.702396 13.666 -100.00 -100.00 -100.00
 217    49.357 56803.90510567 20.61  84.471658  25.704835  9.908 -100.00 -100.00 -100.00
 218    48.766 56813.82074623 23.36  84.470030  25.696934 19.633 -100.00 -100.00 -100.00
 218    48.968 56813.82074682 27.21  84.471175  25.699374 26.025 -100.00 -100.00 -100.00
 218    48.826 56813.82074741 27.91  84.472320  25.701813   -100 -100.00 -100.00 -100.00
 218    48.679 56813.82074800 27.23  84.473466  25.704252   -100 -100.00 -100.00 -100.00
 219    48.435 56823.73638508 26.97  84.473043  25.695763 27.336 -100.00 -100.00 -100.00
 219    49.388 56823.73638567 29.12  84.474188  25.698202 18.014 -100.00 -100.00 -100.00
 219    48.015 56823.73638626 31.23  84.475333  25.700641 20.118 -100.00 -100.00 -100.00
 220    48.836 56833.65202011 25.86  84.476753  25.695201 25.348 -100.00 -100.00 -100.00
 220    48.821 56833.65202070 25.57  84.477898  25.697640 24.914 -100.00 -100.00 -100.00
 220    48.814 56833.65202129 21.79  84.479043  25.700079 14.855 -100.00 -100.00 -100.00
 221    56.736 56843.56765161 32.43  84.479863  25.693553 20.537 -100.00 -100.00 -100.00
 221    57.356 56843.56765220 29.49  84.481008  25.695992 12.970 -100.00 -100.00 -100.00
 221    57.240 56843.56765279 37.35  84.482153  25.698431   -100 -100.00 -100.00 -100.00
 222    52.151 56853.48329370 23.82  84.479164  25.692762 17.791 -100.00 -100.00 -100.00
 222    52.126 56853.48329429 24.12  84.480309  25.695202 18.133 -100.00 -100.00 -100.00
 222    57.411 56853.48329488 18.99  84.481454  25.697641  7.267 -100.00 -100.00 -100.00
 223    51.642 56863.39894794 32.04  84.476260  25.694274 31.038 -100.00 -100.00 -100.00
 223    51.818 56863.39894853 31.29  84.477405  25.696713 23.307 -100.00 -100.00 -100.00
 223    51.414 56863.39894912 32.45  84.478550  25.699152   -100 -100.00 -100.00 -100.00
 224    52.697 56873.31460169 27.19  84.474550  25.695366 27.450 -100.00 -100.00 -100.00
 224    52.451 56873.31460228 28.61  84.475695  25.697805   -100 -100.00 -100.00 -100.00
 224    52.721 56873.31460287 25.48  84.476840  25.700244 21.525 -100.00 -100.00 -100.00
 225    57.222 56883.23025223 40.02  84.473744  25.695822 18.989 -100.00 -100.00 -100.00
 225    56.292 56883.23025282 43.60  84.474889  25.698261  6.300 -100.00 -100.00 -100.00
 225    56.484 56883.23025341 44.80  84.476035  25.700700  3.568 -100.00 -100.00 -100.00
 226    56.074 56893.14589917 35.39  84.472910  25.695679 19.834 -100.00 -100.00 -100.00
 226    54.771 56893.14589976 37.69  84.474055  25.698119  7.063 -100.00 -100.00 -100.00
 226    54.727 56893.14590035 29.36  84.475200  25.700558   -100 -100.00 -100.00 -100.00
 227    54.470 56903.06154264 32.45  84.471004  25.695408   -100 -100.00 -100.00 -100.00
 227    54.606 56903.06154323 29.17  84.472149  25.697847 23.940 -100.00 -100.00 -100.00
 227    54.298 56903.06154382 28.33  84.473294  25.700286 24.567 -100.00 -100.00 -100.00
 227    53.891 56903.06154441 27.35  84.474439  25.702725 20.487 -100.00 -100.00 -100.00
 228    53.762 56912.97718475 38.14  84.470238  25.698556   -100 -100.00 -100.00 -100.00
 228    51.744 56912.97718534 43.72  84.471383  25.700995  8.011 -100.00 -100.00 -100.00
 228    53.152 56912.97718593 36.19  84.472528  25.703434   -100 -100.00 -100.00 -100.00
 229    53.821 56922.89282425 39.21  84.470137  25.697477   -100 -100.00 -100.00 -100.00
 229    53.174 56922.89282484 42.87  84.471282  25.699916 30.598 -100.00 -100.00 -100.00
 229    53.465 56922.89282543 30.84  84.472427  25.702355   -100 -100.00 -100.00 -100.00
 230    51.584 56932.80846137 31.23  84.472691  25.695145 27.740 -100.00 -100.00 -100.00
 230    52.118 56932.80846196 34.12  84.473835  25.697584 26.671 -100.00 -100.00 -100.00
 230    51.313 56932.80846255 35.28  84.474980  25.700023   -100 -100.00 -100.00 -100.00
 230    51.458 56932.80846314 39.11  84.476125  25.702462 24.841 -100.00 -100.00 -100.00
 231    53.356 56942.72409372 28.58  84.478292  25.693784 17.513 -100.00 -100.00 -100.00
 231    52.449 56942.72409431 34.37  84.479437  25.696223   -100 -100.00 -100.00 -100.00
 231    52.428 56942.72409490 29.05  84.480582  25.698662 24.546 -100.00 -100.00 -100.00
 232    52.196 56952.63973785 34.76  84.478958  25.692078   -100 -100.00 -100.00 -100.00
 232    51.347 56952.63973844 34.56  84.480103  25.694517   -100 -100.00 -100.00 -100.00
 232    51.138 56952.63973903 36.33  84.481247  25.696956 27.142 -100.00 -100.00 -100.00
 233    50.536 56962.55538899 32.77  84.476946  25.694993   -100 -100.00 -100.00 -100.00
 233    50.642 56962.55538958 34.46  84.478091  25.697432 25.090 -100.00 -100.00 -100.00
 233    50.301 56962.55539017 36.41  84.479236  25.699871   -100 -100.00 -100.00 -100.00
 234    50.542 56972.47103478 28.62  84.473793  25.694767 15.433 -100.00 -100.00 -100.00
 234    50.327 56972.47103537 30.21  84.474938  25.697206 20.539 -100.00 -100.00 -100.00
 234    49.977 56972.47103596 33.18  84.476083  25.699645   -100 -100.00 -100.00 -100.00
 235    50.675 56982.38667684 25.78  84.473664  25.694772 19.527 -100.00 -100.00 -100.00
 235    49.835 56982.38667743 30.12  84.474809  25.697211 30.395 -100.00 -100.00 -100.00
 235    50.062 56982.38667802 30.72  84.475954  25.699650   -100 -100.00 -100.00 -100.00
 235    49.649 56982.38667861 33.34  84.477099  25.702089   -100 -100.00 -100.00 -100.00
 236    49.255 56992.30231428 31.20  84.476326  25.692891 27.748 -100.00 -100.00 -100.00
 236    49.454 56992.30231487 35.22  84.477471  25.695330   -100 -100.00 -100.00 -100.00
 236    49.568 56992.30231546 35.36  84.478616  25.697769 24.631 -100.00 -100.00 -100.00
 236    49.876 56992.30231605 37.23  84.479761  25.700209 28.571 -100.00 -100.00 -100.00
 237    51.294 57002.21794875 23.04  84.480984  25.690586 11.822 -100.00 -100.00 -100.00
 237    49.310 57002.21794934 31.05  84.482129  25.693025   -100 -100.00 -100.00 -100.00
 237    49.235 57002.21794993 31.20  84.483274  25.695465   -100 -100.00 -100.00 -100.00
 238    49.298 57012.13360639 23.18  84.478229  25.692157 15.592 -100.00 -100.00 -100.00
 238    49.380 57012.13360698 24.85  84.479374  25.694597 18.495 -100.00 -100.00 -100.00
 238    49.156 57012.13360757 23.89  84.480519  25.697036 18.324 -100.00 -100.00 -100.00
 239    49.267 57022.04925810 28.48  84.475714  25.693673 27.666 -100.00 -100.00 -100.00
 239    49.415 57022.04925869 30.81  84.476859  25.696113   -100 -100.00 -100.00 -100.00
 239    48.843 57022.04925928 32.33  84.478005  25.698552 21.543 -100.00 -100.00 -100.00
 240    49.279 57031.96490676 22.30  84.473589  25.695098 19.516 -100.00 -100.00 -100.00
 240    49.172 57031.96490735 23.44  84.474734  25.697537 21.333 -100.00 -100.00 -100.00
 240    49.324 57031.96490794 25.61  84.475879  25.699977 26.907 -100.00 -100.00 -100.00
 241    49.040 57041.88055302 28.76  84.472718  25.695112   -100 -100.00 -100.00 -100.00
 241    49.506 57041.88055361 30.30  84.473863  25.697552 29.679 -100.00 -100.00 -100.00
 241    49.212 57041.88055420 31.28  84.475008  25.699991   -100 -100.00 -100.00 -100.00
 241    49.109 57041.88055479 34.41  84.476153  25.702431 27.280 -100.00 -100.00 -100.00
 242    49.011 57051.79619734 26.74  84.473913  25.695323 22.496 -100.00 -100.00 -100.00
 242    49.097 57051.79619793 30.12  84.475058  25.697762   -100 -100.00 -100.00 -100.00
 242    49.377 57051.79619852 31.34  84.476204  25.700202 26.329 -100.00 -100.00 -100.00
 243    49.423 57061.71183713 28.72  84.476183  25.693615   -100 -100.00 -100.00 -100.00
 243    49.573 57061.71183772 30.42  84.477328  25.696055 30.593 -100.00 -100.00 -100.00
 243    49.486 57061.71183831 31.36  84.478473  25.698494 19.150 -100.00 -100.00 -100.00
 244    49.039 57071.62747172 24.06  84.478784  25.692439 16.124 -100.00 -100.00 -100.00
 244    49.059 57071.62747231 28.73  84.479929  25.694878 32.474 -100.00 -100.00 -100.00
 244    49.483 57071.62747290 30.14  84.481074  25.697318 26.543 -100.00 -100.00 -100.00
 245    48.731 57081.54310238 35.13  84.480732  25.691742   -100 -100.00 -100.00 -100.00
 245    49.714 57081.54310297 35.06  84.481877  25.694181 16.030 -100.00 -100.00 -100.00
 245    50.158 57081.54310356 37.24  84.483022  25.696621 14.091 -100.00 -100.00 -100.00
 246    48.993 57091.45874620 20.83  84.478329  25.692226 16.246 -100.00 -100.00 -100.00
 246    49.157 57091.45874679 20.22  84.479474  25.694666 15.168 -100.00 -100.00 -100.00
 246    49.149 57091.45874738 21.51  84.480619  25.697105 16.383 -100.00 -100.00 -100.00
 247    48.942 57101.37440437 20.96  84.474367  25.696170 11.360 -100.00 -100.00 -100.00
 247    49.119 57101.37440496 23.09  84.475512  25.698610 14.780 -100.00 -100.00 -100.00
 247    49.003 57101.37440556 24.17  84.476657  25.701049 16.989 -100.00 -100.00 -100.00
 248    57.003 57111.29005854 24.57  84.472336  25.695854  9.286 -100.00 -100.00 -100.00
 248    56.848 57111.29005913 28.17  84.473481  25.698294 17.837 -100.00 -100.00 -100.00
 248    57.788 57111.29005972 24.00  84.474626  25.700733  7.830 -100.00 -100.00 -100.00
 249    49.296 57121.20570708 20.74  84.473455  25.694994 15.030 -100.00 -100.00 -100.00
 249    49.228 57121.20570767 24.29  84.474600  25.697434 26.419 -100.00 -100.00 -100.00
 249    49.387 57121.20570826 22.46  84.475745  25.699874 19.966 -100.00 -100.00 -100.00
 250    49.103 57131.12134975 18.38  84.474436  25.693978 10.463 -100.00 -100.00 -100.00
 250    49.119 57131.12135034 20.38  84.475581  25.696418 13.460 -100.00 -100.00 -100.00
 250    49.335 57131.12135093 21.33  84.476726  25.698858 12.992 -100.00 -100.00 -100.00
 250    49.041 57131.12135152 23.94  84.477871  25.701297 24.237 -100.00 -100.00 -100.00
 251    49.122 57141.03698740 21.50  84.475744  25.694563 10.901 -100.00 -100.00 -100.00
 251    49.298 57141.03698799 23.41  84.476889  25.697003 14.970 -100.00 -100.00 -100.00
 251    49.313 57141.03698858 24.03  84.478034  25.699442 17.232 -100.00 -100.00 -100.00
 252    49.024 57150.95262121 19.59  84.476604  25.693773 11.378 -100.00 -100.00 -100.00
 252    49.154 57150.95262180 19.92  84.477749  25.696213 11.775 -100.00 -100.00 -100.00
 252    49.315 57150.95262239 20.07  84.478894  25.698652 11.308 -100.00 -100.00 -100.00
 253    48.975 57160.86825181 22.30  84.479793  25.692497 16.144 -100.00 -100.00 -100.00
 253    48.951 57160.86825240 23.46  84.480938  25.694936 18.395 -100.00 -100.00 -100.00
 253    49.027 57160.86825299 22.42  84.482083  25.697376 14.648 -100.00 -100.00 -100.00
 254    49.113 57170.78390611 19.82  84.478402  25.693241 12.850 -100.00 -100.00 -100.00
 254    48.917 57170.78390670 19.77  84.479547  25.695680 10.539 -100.00 -100.00 -100.00
 254    49.070 57170.78390729 20.20  84.480692  25.698120 12.952 -100.00 -100.00 -100.00
 255    49.072 57180.69956090 27.30  84.477865  25.694255 26.547 -100.00 -100.00 -100.00
 255    48.711 57180.69956149 29.25  84.479010  25.696695 25.173 -100.00 -100.00 -100.00
 255    48.490 57180.69956208 32.46  84.480156  25.699134 18.955 -100.00 -100.00 -100.00
 256    48.453 57190.61521158 24.47  84.476774  25.694327 18.551 -100.00 -100.00 -100.00
 256    48.651 57190.61521217 26.54  84.477919  25.696767 22.784 -100.00 -100.00 -100.00
 256    49.270 57190.61521276 30.32  84.479064  25.699206 25.241 -100.00 -100.00 -100.00
 257    48.547 57200.53085897 20.08  84.474593  25.693763 10.519 -100.00 -100.00 -100.00
 257    48.814 57200.53085956 19.40  84.475738  25.696202  8.273 -100.00 -100.00 -100.00
 257    48.465 57200.53086015 27.14  84.476883  25.698641 31.440 -100.00 -100.00 -100.00
 257    48.693 57200.53086074 24.13  84.478028  25.701080 19.496 -100.00 -100.00 -100.00
 258    50.264 57210.44649335 26.80  84.473408  25.694846 19.117 -100.00 -100.00 -100.00
 258    50.425 57210.44649394 28.31  84.474553  25.697285 23.239 -100.00 -100.00 -100.00
 258    50.604 57210.44649453 28.57  84.475698  25.699724 20.480 -100.00 -100.00 -100.00
 258    57.155 57210.44649512 28.99  84.476843  25.702163 21.973 -100.00 -100.00 -100.00
 259    56.965 57220.36213789 25.74  84.473957  25.696145 10.461 -100.00 -100.00 -100.00
 259    52.444 57220.36213848 32.31  84.475102  25.698584 27.872 -100.00 -100.00 -100.00
 259    57.275 57220.36213907 26.84  84.476247  25.701024 13.885 -100.00 -100.00 -100.00
 260    53.872 57230.27778072 31.17  84.474695  25.694517   -100 -100.00 -100.00 -100.00
 260    53.702 57230.27778131 35.48  84.475840  25.696957   -100 -100.00 -100.00 -100.00
 260    53.554 57230.27778190 35.25  84.476985  25.699396   -100 -100.00 -100.00 -100.00
 261    54.702 57240.19342132 42.01  84.476044  25.693097   -100 -100.00 -100.00 -100.00
 261    54.862 57240.19342191 43.24  84.477189  25.695536 30.292 -100.00 -100.00 -100.00
 261    54.600 57240.19342250 47.40  84.478334  25.697975   -100 -100.00 -100.00 -100.00
 261    54.816 57240.19342310 49.28  84.479479  25.700414   -100 -100.00 -100.00 -100.00
 262    54.999 57250.10905908 35.19  84.477669  25.691979   -100 -100.00 -100.00 -100.00
 262    55.119 57250.10905967 28.94  84.478814  25.694418 22.141 -100.00 -100.00 -100.00
 262    57.053 57250.10906027 23.35  84.479959  25.696858  9.642 -100.00 -100.00 -100.00
 262    57.125 57250.10906086 30.92  84.481104  25.699297 24.413 -100.00 -100.00 -100.00
 263    55.974 57260.02469476 41.16  84.479308  25.692532   -100 -100.00 -100.00 -100.00
 263    56.114 57260.02469535 37.98  84.480453  25.694971 28.449 -100.00 -100.00 -100.00
 263    56.958 57260.02469594 34.30  84.481598  25.697410 16.689 -100.00 -100.00 -100.00
 264    54.244 57269.94032899 36.76  84.480719  25.693176 21.861 -100.00 -100.00 -100.00
 264    53.592 57269.94032958 41.29  84.481864  25.695615   -100 -100.00 -100.00 -100.00
 264    53.408 57269.94033017 33.80  84.483009  25.698054   -100 -100.00 -100.00 -100.00
 265    54.283 57279.85598153 33.08  84.477976  25.694568   -100 -100.00 -100.00 -100.00
 265    51.670 57279.85598212 32.87  84.479121  25.697008   -100 -100.00 -100.00 -100.00
 265    51.602 57279.85598271 35.52  84.480265  25.699447   -100 -100.00 -100.00 -100.00
 266    54.026 57289.77163655 33.26  84.475685  25.694289 18.110 -100.00 -100.00 -100.00
 266    53.299 57289.77163714 35.29  84.476830  25.696728 25.357 -100.00 -100.00 -100.00
 266    51.070 57289.77163773 40.07  84.477975  25.699167 30.811 -100.00 -100.00 -100.00
 267    53.688 57299.68728927 33.27  84.475650  25.695879 14.824 -100.00 -100.00 -100.00
 267    50.421 57299.68728986 35.59  84.476794  25.698318 28.705 -100.00 -100.00 -100.00
 267    50.381 57299.68729045 47.44  84.477939  25.700757   -100 -100.00 -100.00 -100.00
 268    50.071 57309.60293783 31.35  84.474825  25.694307 26.543 -100.00 -100.00 -100.00
 268    50.793 57309.60293842 33.38  84.475970  25.696746 21.302 -100.00 -100.00 -100.00
 268    49.898 57309.60293901 36.44  84.477115  25.699185   -100 -100.00 -100.00 -100.00
 269    51.684 57319.51858350 33.20  84.473429  25.694807 24.024 -100.00 -100.00 -100.00
 269    50.027 57319.51858409 33.49  84.474574  25.697246 23.101 -100.00 -100.00 -100.00
 269    50.299 57319.51858468 38.30  84.475719  25.699685 24.926 -100.00 -100.00 -100.00
 269    49.603 57319.51858527 39.53  84.476864  25.702124   -100 -100.00 -100.00 -100.00
 270    51.407 57329.43422680 31.42  84.472372  25.696893 14.322 -100.00 -100.00 -100.00
 270    49.717 57329.43422739 34.61  84.473517  25.699332 27.299 -100.00 -100.00 -100.00
 270    49.738 57329.43422798 41.10  84.474662  25.701771   -100 -100.00 -100.00 -100.00
 271    50.185 57339.34986747 31.57  84.471869  25.695895 23.399 -100.00 -100.00 -100.00
 271    49.824 57339.34986806 33.51  84.473014  25.698335   -100 -100.00 -100.00 -100.00
 271    50.373 57339.34986865 37.38  84.474159  25.700774 23.347 -100.00 -100.00 -100.00
 271    49.702 57339.34986924 49.26  84.475304  25.703213   -100 -100.00 -100.00 -100.00
 272    50.030 57349.26551743 31.61  84.471492  25.696422 21.086 -100.00 -100.00 -100.00
 272    50.640 57349.26551802 33.56  84.472637  25.698861 17.678 -100.00 -100.00 -100.00
 272    49.858 57349.26551861 36.71  84.473782  25.701301   -100 -100.00 -100.00 -100.00
 273    50.111 57359.18116382 30.39  84.473317  25.696456 23.269 -100.00 -100.00 -100.00
 273    50.052 57359.18116441 32.37  84.474462  25.698895 27.454 -100.00 -100.00 -100.00
 273    49.529 57359.18116500 36.65  84.475607  25.701334   -100 -100.00 -100.00 -100.00
 274    49.735 57369.09680634 30.49  84.474211  25.694146 27.341 -100.00 -100.00 -100.00
 274    49.394 57369.09680693 31.68  84.475356  25.696585   -100 -100.00 -100.00 -100.00
 274    49.788 57369.09680752 35.47  84.476501  25.699025 25.894 -100.00 -100.00 -100.00
 274    49.043 57369.09680811 43.05  84.477647  25.701464 12.019 -100.00 -100.00 -100.00
 275    49.790 57379.01244685 33.30  84.475902  25.696024 28.100 -100.00 -100.00 -100.00
 275    49.803 57379.01244745 34.64  84.477047  25.698464 23.881 -100.00 -100.00 -100.00
 275    48.835 57379.01244804 41.10  84.478193  25.700903   -100 -100.00 -100.00 -100.00
 276    49.482 57388.92808500 31.65  84.476347  25.694977 25.353 -100.00 -100.00 -100.00
 276    49.421 57388.92808559 32.65  84.477492  25.697417 25.670 -100.00 -100.00 -100.00
 276    48.666 57388.92808618 37.56  84.478637  25.699856   -100 -100.00 -100.00 -100.00
 277    56.324 57398.84372184 27.50  84.477454  25.692229 27.067 -100.00 -100.00 -100.00
 277    48.635 57398.84372243 30.22  84.478599  25.694668   -100 -100.00 -100.00 -100.00
 277    48.383 57398.84372302 31.49  84.479744  25.697108   -100 -100.00 -100.00 -100.00
 277    48.265 57398.84372361 32.47  84.480890  25.699547   -100 -100.00 -100.00 -100.00
 278    48.487 57408.75935862 26.96  84.480486  25.691312 27.430 -100.00 -100.00 -100.00
 278    48.881 57408.75935921 28.89  84.481631  25.693752 28.736 -100.00 -100.00 -100.00
 278    49.194 57408.75935980 31.71  84.482776  25.696191 19.472 -100.00 -100.00 -100.00
 279    48.682 57418.67501152 29.40  84.478950  25.692921 29.107 -100.00 -100.00 -100.00
 279    49.557 57418.67501211 30.66  84.480095  25.695360 17.778 -100.00 -100.00 -100.00
 279    48.344 57418.67501270 33.54  84.481240  25.697800 21.993 -100.00 -100.00 -100.00
 280    48.941 57428.59066177 28.46  84.476449  25.693856 21.801 -100.00 -100.00 -100.00
 280    49.264 57428.59066236 29.30  84.477594  25.696295 21.172 -100.00 -100.00 -100.00
 280    48.457 57428.59066295 33.58  84.478739  25.698735 22.828 -100.00 -100.00 -100.00
 281    49.281 57438.50631006 29.37  84.474182  25.696187 16.682 -100.00 -100.00 -100.00
 281    48.963 57438.50631065 31.52  84.475327  25.698627 27.290 -100.00 -100.00 -100.00
 281    48.768 57438.50631124 38.30  84.476472  25.701066   -100 -100.00 -100.00 -100.00
 282    48.557 57448.42195674 27.86  84.472040  25.696066 26.037 -100.00 -100.00 -100.00
 282    48.801 57448.42195733 29.01  84.473185  25.698506 27.216 -100.00 -100.00 -100.00
 282    48.399 57448.42195792 32.20  84.474330  25.700945   -100 -100.00 -100.00 -100.00
 283    48.272 57458.33760271 26.38  84.472154  25.697108   -100 -100.00 -100.00 -100.00
 283    48.428 57458.33760330 27.46  84.473299  25.699548   -100 -100.00 -100.00 -100.00
 283    48.479 57458.33760389 23.03  84.474444  25.701988 20.823 -100.00 -100.00 -100.00
 284    48.627 57468.25324529 23.89  84.473368  25.695098 23.581 -100.00 -100.00 -100.00
 284    48.370 57468.25324588 25.29  84.474513  25.697538 31.104 -100.00 -100.00 -100.00
 284    48.626 57468.25324647 23.22  84.475658  25.699977 21.181 -100.00 -100.00 -100.00
 285    48.255 57478.16888387 27.10  84.476161  25.692874 23.980 -100.00 -100.00 -100.00
 285    48.444 57478.16888446 28.45  84.477306  25.695313 23.290 -100.00 -100.00 -100.00
 285    48.324 57478.16888505 30.39  84.478451  25.697753   -100 -100.00 -100.00 -100.00
 285    48.192 57478.16888564 33.10  84.479596  25.700193   -100 -100.00 -100.00 -100.00
 286    48.007 57488.08451928 26.26  84.478607  25.691652   -100 -100.00 -100.00 -100.00
 286    48.291 57488.08451987 28.20  84.479752  25.694092   -100 -100.00 -100.00 -100.00
 286    48.216 57488.08452046 29.22  84.480897  25.696531   -100 -100.00 -100.00 -100.00
 286    48.270 57488.08452105 32.41  84.482043  25.698971   -100 -100.00 -100.00 -100.00
 287    48.323 57498.00015245 28.92  84.480864  25.690924 30.206 -100.00 -100.00 -100.00
 287    48.442 57498.00015304 29.31  84.482009  25.693364 24.379 -100.00 -100.00 -100.00
 287    47.982 57498.00015363 32.56  84.483154  25.695803 23.032 -100.00 -100.00 -100.00
 288    47.913 57507.91579213 27.16  84.480941  25.690870   -100 -100.00 -100.00 -100.00
 288    48.352 57507.91579272 28.48  84.482086  25.693310 29.070 -100.00 -100.00 -100.00
 288    49.035 57507.91579331 31.62  84.483231  25.695749 17.103 -100.00 -100.00 -100.00
 289    47.975 57517.83144803 23.85  84.477860  25.693569 16.434 -100.00 -100.00 -100.00
 289    48.232 57517.83144862 29.26  84.479005  25.696008 27.906 -100.00 -100.00 -100.00
 289    48.034 57517.83144921 30.89  84.480150  25.698448   -100 -100.00 -100.00 -100.00
 290    48.198 57527.74710093 23.99  84.476720  25.694736 23.574 -100.00 -100.00 -100.00
 290    47.950 57527.74710152 25.20  84.477865  25.697176 31.362 -100.00 -100.00 -100.00
 290    48.150 57527.74710211 20.47  84.479010  25.699615 15.877 -100.00 -100.00 -100.00
 291    48.220 57537.66275068 29.28  84.476159  25.693547 23.048 -100.00 -100.00 -100.00
 291    48.280 57537.66275127 29.36  84.477304  25.695987 24.714 -100.00 -100.00 -100.00
 291    49.622 57537.66275186 32.48  84.478450  25.698426 27.032 -100.00 -100.00 -100.00
 292    48.055 57547.57839851 27.57  84.476356  25.694856 24.783 -100.00 -100.00 -100.00
 292    48.555 57547.57839910 29.32  84.477501  25.697295 23.388 -100.00 -100.00 -100.00
 292    47.988 57547.57839969 31.88  84.478647  25.699735   -100 -100.00 -100.00 -100.00
 293    47.990 57557.49404457 26.14  84.474813  25.694194 22.877 -100.00 -100.00 -100.00
 293    48.834 57557.49404516 28.38  84.475958  25.696633 18.572 -100.00 -100.00 -100.00
 293    48.184 57557.49404575 30.87  84.477103  25.699072   -100 -100.00 -100.00 -100.00
 294    48.273 57567.40969033 24.37  84.474436  25.695846 29.591 -100.00 -100.00 -100.00
 294    48.441 57567.40969092 24.27  84.475581  25.698286 26.651 -100.00 -100.00 -100.00
 294    48.228 57567.40969151 23.26  84.476727  25.700725 25.731 -100.00 -100.00 -100.00
 295    51.379 57577.32533494 23.83  84.473919  25.694893 21.437 -100.00 -100.00 -100.00
 295    51.293 57577.32533553 25.71  84.475064  25.697332 29.197 -100.00 -100.00 -100.00
 295    51.538 57577.32533612 27.13  84.476209  25.699772 31.032 -100.00 -100.00 -100.00
 296    56.119 57587.24097873 41.57  84.475020  25.695392   -100 -100.00 -100.00 -100.00
 296    55.745 57587.24097932 40.76  84.476165  25.697832  1.502 -100.00 -100.00 -100.00
 296    55.804 57587.24097991 40.14  84.477310  25.700271   -100 -100.00 -100.00 -100.00
 297    55.041 57597.15662000 35.91  84.475944  25.695602   -100 -100.00 -100.00 -100.00
 297    54.682 57597.15662059 35.77  84.477089  25.698041   -100 -100.00 -100.00 -100.00
 297    54.712 57597.15662118 32.18  84.478234  25.700480   -100 -100.00 -100.00 -100.00
