#   63.839   0.117   2.045 ;Mean Elev.(m), Avg Gradient(m/km), RMS Gradient(m/km) - SRTM1     
#   66.983   0.151   1.754 ;Mean Elev.(m), Avg Gradient(m/km), RMS Gradient(m/km) - ASTER GDEM
#   64.126   0.095   2.106 ;Mean Elev.(m), Avg Gradient(m/km), RMS Gradient(m/km) - GMTED2010 
   7    64.101 54726.01926195 38.62  83.003292  25.206175   -100 -100.00 -100.00 -100.00
   7    63.962 54726.01926254 35.15  83.004426  25.203733 30.935 -100.00 -100.00 -100.00
   9    65.291 54745.85055587 40.67  82.996334  25.208218 18.025 -100.00 -100.00 -100.00
   9    65.156 54745.85055646 35.44  82.997469  25.205776   -100 -100.00 -100.00 -100.00
   9    74.760 54745.85055705 30.94  82.998603  25.203334 21.192 -100.00 -100.00 -100.00
  10    63.463 54755.76620219 46.78  82.996173  25.208536   -100 -100.00 -100.00 -100.00
  10    63.695 54755.76620278 46.66  82.997307  25.206093   -100 -100.00 -100.00 -100.00
  10    63.543 54755.76620337 48.94  82.998441  25.203651   -100 -100.00 -100.00 -100.00
  11    63.230 54765.68184816 45.88  82.999211  25.204546   -100 -100.00 -100.00 -100.00
  11    62.732 54765.68184875 51.16  83.000345  25.202104 27.487 -100.00 -100.00 -100.00
  12    63.233 54775.59748976 40.79  82.999201  25.206333 23.767 -100.00 -100.00 -100.00
  12    63.168 54775.59749035 44.79  83.000335  25.203891 30.092 -100.00 -100.00 -100.00
  13    63.006 54785.51312936 39.65  82.999340  25.206373 23.055 -100.00 -100.00 -100.00
  13    63.026 54785.51312995 41.74  83.000474  25.203931 24.064 -100.00 -100.00 -100.00
  14    62.990 54795.42876830 38.70  83.001143  25.204487 17.921 -100.00 -100.00 -100.00
  14    62.440 54795.42876889 41.55  83.002278  25.202044 27.473 -100.00 -100.00 -100.00
  15    62.184 54805.34440635 37.69  83.003802  25.205890  4.181 -100.00 -100.00 -100.00
  15    61.958 54805.34440694 41.74  83.004936  25.203448   -100 -100.00 -100.00 -100.00
  19    62.522 54845.00698057 37.62  82.999781  25.206306 15.490 -100.00 -100.00 -100.00
  19    62.247 54845.00698116 40.66  83.000915  25.203864 19.417 -100.00 -100.00 -100.00
  20    62.321 54854.92262961 37.70  82.997934  25.205881 17.201 -100.00 -100.00 -100.00
  20    61.750 54854.92263020 41.72  82.999068  25.203439 26.801 -100.00 -100.00 -100.00
  21    61.840 54864.83827868 38.78  82.998380  25.204669 17.594 -100.00 -100.00 -100.00
  21    61.337 54864.83827927 43.81  82.999514  25.202227   -100 -100.00 -100.00 -100.00
  22    62.127 54874.75392675 37.71  82.998167  25.205633 17.014 -100.00 -100.00 -100.00
  22    61.379 54874.75392734 40.90  82.999301  25.203191 26.618 -100.00 -100.00 -100.00
  23    61.846 54884.66957261 39.75  82.998921  25.204564 18.399 -100.00 -100.00 -100.00
  23    61.098 54884.66957320 43.79  83.000055  25.202122   -100 -100.00 -100.00 -100.00
  24    60.985 54894.58521396 34.94  82.996398  25.207407 28.782 -100.00 -100.00 -100.00
  24    60.672 54894.58521455 37.60  82.997532  25.204966 23.361 -100.00 -100.00 -100.00
  24    61.150 54894.58521514 40.68  82.998666  25.202524 31.323 -100.00 -100.00 -100.00
  25    60.594 54904.50085297 33.31  82.993761  25.209261 24.849 -100.00 -100.00 -100.00
  25    60.913 54904.50085356 35.99  82.994895  25.206819 29.283 -100.00 -100.00 -100.00
  25    61.536 54904.50085415 38.65  82.996029  25.204377 20.817 -100.00 -100.00 -100.00
  26    60.473 54914.41649185 29.00  82.993992  25.208462   -100 -100.00 -100.00 -100.00
  26    60.503 54914.41649244 30.01  82.995126  25.206021   -100 -100.00 -100.00 -100.00
  26    60.487 54914.41649303 30.63  82.996260  25.203579   -100 -100.00 -100.00 -100.00
  27    60.572 54924.33213052 26.35  82.995897  25.207932 21.639 -100.00 -100.00 -100.00
  27    60.258 54924.33213111 29.15  82.997031  25.205490   -100 -100.00 -100.00 -100.00
  27    60.399 54924.33213170 25.71  82.998165  25.203049 24.436 -100.00 -100.00 -100.00
  28    60.786 54934.24776942 33.08  83.001006  25.204294 29.602 -100.00 -100.00 -100.00
  28    60.493 54934.24777001 36.22  83.002140  25.201852   -100 -100.00 -100.00 -100.00
  29    60.652 54944.16340507 28.93  83.004189  25.206388 27.393 -100.00 -100.00 -100.00
  29    60.290 54944.16340566 32.76  83.005323  25.203946   -100 -100.00 -100.00 -100.00
  32    60.149 54973.91033229 29.80  83.002534  25.206170   -100 -100.00 -100.00 -100.00
  32    60.161 54973.91033288 32.20  83.003668  25.203729   -100 -100.00 -100.00 -100.00
  33    60.039 54983.82597988 36.20  83.002657  25.205095 25.474 -100.00 -100.00 -100.00
  33    60.400 54983.82598047 39.93  83.003791  25.202653 29.070 -100.00 -100.00 -100.00
  34    76.607 54993.74162685 30.74  83.003451  25.206198 19.943 -100.00 -100.00 -100.00
  34    60.192 54993.74162744 34.24  83.004585  25.203756 32.206 -100.00 -100.00 -100.00
  36    60.040 55013.57291679 33.15  83.002701  25.205609 26.477 -100.00 -100.00 -100.00
  36    60.353 55013.57291738 34.26  83.003835  25.203167 22.913 -100.00 -100.00 -100.00
  37    61.242 55023.48855940 36.15  83.001429  25.205286 16.317 -100.00 -100.00 -100.00
  37    60.843 55023.48855999 39.66  83.002563  25.202844 23.806 -100.00 -100.00 -100.00
  38    79.217 55033.40420142 24.03  83.000959  25.205887  6.574 -100.00 -100.00 -100.00
  38    79.584 55033.40420201 25.52  83.002093  25.203445  8.123 -100.00 -100.00 -100.00
  39    79.394 55043.31984330 28.68  83.002902  25.205703 10.511 -100.00 -100.00 -100.00
  39    79.239 55043.31984389 31.14  83.004036  25.203261 13.591 -100.00 -100.00 -100.00
  40    61.660 55053.23548347 37.47  83.005862  25.207173 20.390 -100.00 -100.00 -100.00
  40    76.375 55053.23548406 40.27  83.006996  25.204731 26.828 -100.00 -100.00 -100.00
  43    79.149 55082.98241477 27.32  83.001291  25.205559  7.520 -100.00 -100.00 -100.00
  43    75.901 55082.98241536 34.56  83.002425  25.203117 24.465 -100.00 -100.00 -100.00
  44    66.197 55092.89806121 53.96  82.998586  25.204729  4.333 -100.00 -100.00 -100.00
  44    66.195 55092.89806180 53.51  82.999720  25.202287   -100 -100.00 -100.00 -100.00
  45    64.639 55102.81370641 41.92  82.996318  25.208251 21.610 -100.00 -100.00 -100.00
  45    64.448 55102.81370700 45.91  82.997452  25.205809 27.036 -100.00 -100.00 -100.00
  45    63.751 55102.81370759 51.25  82.998586  25.203367 20.578 -100.00 -100.00 -100.00
  46    61.936 55112.72935291 37.70  82.998451  25.205427 24.795 -100.00 -100.00 -100.00
  46    62.876 55112.72935350 39.62  82.999585  25.202985 25.856 -100.00 -100.00 -100.00
  48    63.963 55132.56063715 38.64  83.000935  25.204633 16.203 -100.00 -100.00 -100.00
  48    62.439 55132.56063774 45.19  83.002069  25.202191   -100 -100.00 -100.00 -100.00
  49    63.628 55142.47627578 36.77  83.000734  25.204605 11.769 -100.00 -100.00 -100.00
  49    61.790 55142.47627637 42.97  83.001868  25.202163   -100 -100.00 -100.00 -100.00
  50    61.089 55152.39191371 36.20  83.000130  25.206456 31.490 -100.00 -100.00 -100.00
  50    60.878 55152.39191430 37.76  83.001264  25.204014 26.850 -100.00 -100.00 -100.00
  51    62.310 55162.30755302 35.27  83.002826  25.205602 15.067 -100.00 -100.00 -100.00
  51    61.960 55162.30755361 38.93  83.003960  25.203160 18.467 -100.00 -100.00 -100.00
  55    60.321 55201.97013002 37.00  83.002543  25.205327 24.253 -100.00 -100.00 -100.00
  55    60.976 55201.97013061 41.03  83.003677  25.202885 21.713 -100.00 -100.00 -100.00
  56    60.407 55211.88577936 36.98  82.999962  25.205004   -100 -100.00 -100.00 -100.00
  56    60.719 55211.88577995 40.74  83.001096  25.202562   -100 -100.00 -100.00 -100.00
  57    60.376 55221.80142801 36.26  82.999167  25.205828 20.940 -100.00 -100.00 -100.00
  57    61.544 55221.80142860 39.80  83.000301  25.203387 19.462 -100.00 -100.00 -100.00
  58    59.846 55231.71707584 37.00  82.999546  25.204705 20.547 -100.00 -100.00 -100.00
  58    60.691 55231.71707643 41.80  83.000679  25.202263 29.267 -100.00 -100.00 -100.00
  59    59.739 55241.63272016 36.12  82.999621  25.204897 17.592 -100.00 -100.00 -100.00
  59    60.668 55241.63272075 40.81  83.000755  25.202455 24.879 -100.00 -100.00 -100.00
  60    60.416 55251.54835997 31.88  82.996334  25.208822 20.893 -100.00 -100.00 -100.00
  60    60.370 55251.54836056 34.04  82.997468  25.206380 16.485 -100.00 -100.00 -100.00
  60    61.634 55251.54836115 37.76  82.998602  25.203938 14.225 -100.00 -100.00 -100.00
  61    77.721 55261.46399907 22.87  82.995258  25.207224 11.510 -100.00 -100.00 -100.00
  61    78.615 55261.46399966 23.58  82.996392  25.204783 10.873 -100.00 -100.00 -100.00
  61    78.612 55261.46400025 27.34  82.997526  25.202341 17.885 -100.00 -100.00 -100.00
  62    79.222 55271.37963719 22.05  82.995416  25.207762 10.160 -100.00 -100.00 -100.00
  62    78.198 55271.37963778 23.66  82.996550  25.205320 12.128 -100.00 -100.00 -100.00
  62    78.450 55271.37963837 26.16  82.997684  25.202878 18.296 -100.00 -100.00 -100.00
  63    60.004 55281.29527649 32.24  82.999500  25.204475 21.987 -100.00 -100.00 -100.00
  63    59.785 55281.29527708 36.00  83.000634  25.202033   -100 -100.00 -100.00 -100.00
  64    60.432 55291.21091361 30.31  83.002525  25.205895 19.335 -100.00 -100.00 -100.00
  64    59.867 55291.21091420 34.43  83.003659  25.203453   -100 -100.00 -100.00 -100.00
  66    60.837 55311.04219580 35.27  83.003915  25.206497 16.194 -100.00 -100.00 -100.00
  66    60.275 55311.04219639 38.97  83.005049  25.204055 21.894 -100.00 -100.00 -100.00
  67    59.555 55320.95784136 31.09  83.001789  25.205891   -100 -100.00 -100.00 -100.00
  67    59.738 55320.95784195 33.22  83.002923  25.203450   -100 -100.00 -100.00 -100.00
  68    60.254 55330.87348549 35.35  83.000394  25.205729 17.450 -100.00 -100.00 -100.00
  68    60.233 55330.87348608 39.07  83.001528  25.203288 20.437 -100.00 -100.00 -100.00
  69    59.350 55340.78912955 25.90  83.000733  25.205507 26.481 -100.00 -100.00 -100.00
  69    59.356 55340.78913014 27.22  83.001867  25.203065   -100 -100.00 -100.00 -100.00
  70    59.409 55350.70477322 27.05  83.002068  25.206258 25.324 -100.00 -100.00 -100.00
  70    59.491 55350.70477381 27.92  83.003202  25.203817   -100 -100.00 -100.00 -100.00
  71    59.419 55360.62041507 29.22  83.004104  25.205721 20.699 -100.00 -100.00 -100.00
  71    59.469 55360.62041566 32.30  83.005238  25.203279 27.123 -100.00 -100.00 -100.00
  78    65.581 55430.02991295 52.26  83.002662  25.204664  2.782 -100.00 -100.00 -100.00
  78    65.477 55430.02991354 47.95  83.003796  25.202222  2.950 -100.00 -100.00 -100.00
  80    68.209 55449.86119983 44.67  82.998505  25.205284   -100 -100.00 -100.00 -100.00
  80    68.422 55449.86120042 47.91  82.999639  25.202842   -100 -100.00 -100.00 -100.00
  81    75.084 55459.77684243 30.79  83.000213  25.204420 14.983 -100.00 -100.00 -100.00
  81    74.772 55459.77684302 33.87  83.001347  25.201978 23.467 -100.00 -100.00 -100.00
  82    69.919 55469.69248336 52.04  83.001139  25.206611   -100 -100.00 -100.00 -100.00
  82    70.020 55469.69248395 53.09  83.002274  25.204169   -100 -100.00 -100.00 -100.00
  83    65.945 55479.60812178 52.57  83.003234  25.206211 27.650 -100.00 -100.00 -100.00
  83    65.953 55479.60812237 50.29  83.004368  25.203769 16.962 -100.00 -100.00 -100.00
  88    62.134 55529.18633128 39.21  83.004011  25.206485   -100 -100.00 -100.00 -100.00
  88    62.647 55529.18633187 41.26  83.005145  25.204043 23.028 -100.00 -100.00 -100.00
  89    61.924 55539.10197911 40.18  83.003548  25.205612   -100 -100.00 -100.00 -100.00
  89    62.395 55539.10197971 43.26  83.004682  25.203170 30.488 -100.00 -100.00 -100.00
  90    61.700 55549.01762424 37.30  83.002211  25.206280 26.574 -100.00 -100.00 -100.00
  90    62.880 55549.01762483 39.04  83.003345  25.203838 16.395 -100.00 -100.00 -100.00
  91    62.778 55558.93326758 34.30  83.000847  25.206234 14.493 -100.00 -100.00 -100.00
  91    63.469 55558.93326817 36.20  83.001981  25.203792 16.757 -100.00 -100.00 -100.00
  92    61.157 55568.84891041 37.23  83.001686  25.204444 19.182 -100.00 -100.00 -100.00
  92    61.051 55568.84891100 41.95  83.002819  25.202003   -100 -100.00 -100.00 -100.00
  93    86.051 55578.76455174 36.32  83.002751  25.205079 17.110 -100.00 -100.00 -100.00
  93    61.243 55578.76455233 40.33  83.003885  25.202638 28.526 -100.00 -100.00 -100.00
  95    60.631 55598.59582630 33.52  83.005281  25.207123 31.330 -100.00 -100.00 -100.00
  95    61.517 55598.59582689 36.53  83.006416  25.204681 18.225 -100.00 -100.00 -100.00
  96    81.405 55608.51145973 24.82  83.006286  25.207555 11.643 -100.00 -100.00 -100.00
  96    79.876 55608.51146032 26.58  83.007420  25.205113 13.827 -100.00 -100.00 -100.00
 101    60.404 55658.08968711 34.47  83.002823  25.205394 24.287 -100.00 -100.00 -100.00
 101    61.458 55658.08968770 38.15  83.003958  25.202952 16.611 -100.00 -100.00 -100.00
 102    61.513 55668.00532949 35.35  83.001522  25.204832 23.913 -100.00 -100.00 -100.00
 102    60.616 55668.00533008 40.21  83.002656  25.202391   -100 -100.00 -100.00 -100.00
 103    60.630 55677.92096914 33.66  83.002028  25.204347   -100 -100.00 -100.00 -100.00
 103    60.408 55677.92096973 27.89  83.003162  25.201905 29.583 -100.00 -100.00 -100.00
 108    60.637 55727.49917622 34.29  83.005183  25.206497 15.581 -100.00 -100.00 -100.00
 108    61.432 55727.49917681 38.34  83.006317  25.204055 18.063 -100.00 -100.00 -100.00
 109    61.480 55737.41482289 35.63  83.003733  25.206279 21.083 -100.00 -100.00 -100.00
 109    62.055 55737.41482348 38.27  83.004867  25.203837 20.202 -100.00 -100.00 -100.00
 111    79.286 55757.24611222 26.52  83.003302  25.206248 13.150 -100.00 -100.00 -100.00
 111    79.692 55757.24611281 26.79  83.004436  25.203806 11.298 -100.00 -100.00 -100.00
 113    68.005 55777.07739159 39.21  83.004389  25.205673 28.381 -100.00 -100.00 -100.00
 113    68.198 55777.07739218 38.85  83.005523  25.203231 25.854 -100.00 -100.00 -100.00
 114    78.697 55786.99302672 32.92  83.004666  25.206350 13.939 -100.00 -100.00 -100.00
 114    78.498 55786.99302731 34.70  83.005800  25.203908 14.994 -100.00 -100.00 -100.00
 128    62.336 55925.81202669 35.58  83.004763  25.206614 21.736 -100.00 -100.00 -100.00
 128    64.088 55925.81202728 37.26  83.005897  25.204172 14.955 -100.00 -100.00 -100.00
 130    62.091 55945.64332218 37.36  83.002672  25.205211 19.605 -100.00 -100.00 -100.00
 130    62.480 55945.64332277 40.42  83.003806  25.202769 25.039 -100.00 -100.00 -100.00
 131    74.261 55955.55896306 36.63  83.001725  25.204732 12.805 -100.00 -100.00 -100.00
 131    62.337 55955.55896365 40.15  83.002859  25.202291 23.085 -100.00 -100.00 -100.00
 132    61.355 55965.47460112 29.50  83.000662  25.206145 23.835 -100.00 -100.00 -100.00
 132    74.441 55965.47460171 28.32  83.001796  25.203703 18.226 -100.00 -100.00 -100.00
 133    61.387 55975.39023918 27.61  83.002856  25.204205 21.878 -100.00 -100.00 -100.00
 133    79.849 55975.39023977 23.75  83.003990  25.201763 11.165 -100.00 -100.00 -100.00
 134    80.736 55985.30587557 24.02  83.005250  25.207064  9.239 -100.00 -100.00 -100.00
 134    79.680 55985.30587616 26.11  83.006384  25.204622 11.162 -100.00 -100.00 -100.00
 137    62.052 56015.05281209 35.83  83.004179  25.205396 18.731 -100.00 -100.00 -100.00
 137    61.246 56015.05281268 37.43  83.005313  25.202955 31.502 -100.00 -100.00 -100.00
 138    61.069 56024.96845720 32.83  83.000751  25.204958   -100 -100.00 -100.00 -100.00
 138    61.160 56024.96845779 34.29  83.001885  25.202517   -100 -100.00 -100.00 -100.00
 139    61.091 56034.88409988 32.55  82.999430  25.206299 22.998 -100.00 -100.00 -100.00
 139    61.014 56034.88410047 36.70  83.000564  25.203858 21.867 -100.00 -100.00 -100.00
 140    61.011 56044.79974099 35.80  83.002486  25.206056 22.602 -100.00 -100.00 -100.00
 140    60.210 56044.79974158 38.77  83.003620  25.203614   -100 -100.00 -100.00 -100.00
 141    61.152 56054.71537901 33.86  83.005882  25.207035 16.503 -100.00 -100.00 -100.00
 141    81.312 56054.71537960 35.70  83.007016  25.204594 15.625 -100.00 -100.00 -100.00
 144    60.397 56084.46230642 29.83  83.004794  25.206007 24.312 -100.00 -100.00 -100.00
 144    60.218 56084.46230701 27.85  83.005928  25.203565 25.193 -100.00 -100.00 -100.00
 145    60.280 56094.37795349 25.31  83.003042  25.206125 21.858 -100.00 -100.00 -100.00
 145    79.578 56094.37795408 20.32  83.004176  25.203683 10.718 -100.00 -100.00 -100.00
 146    80.673 56104.29359902 22.51  83.003985  25.205254  7.795 -100.00 -100.00 -100.00
 146    80.900 56104.29359961 21.42  83.005119  25.202813  5.310 -100.00 -100.00 -100.00
 154    79.817 56183.61872903 28.63  83.005101  25.206813  8.230 -100.00 -100.00 -100.00
 154    77.851 56183.61872962 33.37  83.006235  25.204371 16.451 -100.00 -100.00 -100.00
 156    78.667 56203.45000194 29.28  83.004850  25.206739 15.944 -100.00 -100.00 -100.00
 156    80.927 56203.45000253 24.21  83.005985  25.204297  5.315 -100.00 -100.00 -100.00
 157    63.620 56213.36563573 45.79  83.006657  25.207776   -100 -100.00 -100.00 -100.00
 157    63.223 56213.36563632 47.73  83.007791  25.205334  3.668 -100.00 -100.00 -100.00
 162    62.483 56262.94386978 39.61  83.004047  25.205311 22.969 -100.00 -100.00 -100.00
 162    61.826 56262.94387037 44.76  83.005181  25.202869   -100 -100.00 -100.00 -100.00
 165    61.847 56292.69080482 37.74  83.003572  25.205401 26.600 -100.00 -100.00 -100.00
 165    61.838 56292.69080541 42.45  83.004706  25.202959 29.304 -100.00 -100.00 -100.00
 166    62.519 56302.60645159 35.88  83.001358  25.206154 16.451 -100.00 -100.00 -100.00
 166    61.622 56302.60645218 39.73  83.002492  25.203712 27.496 -100.00 -100.00 -100.00
 167    61.590 56312.52209470 36.88  83.000079  25.204984 16.856 -100.00 -100.00 -100.00
 167    61.889 56312.52209529 39.63  83.001213  25.202542 23.162 -100.00 -100.00 -100.00
 168    61.242 56322.43773576 36.09  82.999433  25.205074 25.865 -100.00 -100.00 -100.00
 168    62.084 56322.43773635 40.59  83.000567  25.202632 20.685 -100.00 -100.00 -100.00
 169    62.223 56332.35337664 34.97  83.000612  25.205340 17.823 -100.00 -100.00 -100.00
 169    62.130 56332.35337723 38.61  83.001746  25.202898 20.048 -100.00 -100.00 -100.00
 170    62.738 56342.26901711 36.84  83.002891  25.206460 17.984 -100.00 -100.00 -100.00
 170    62.559 56342.26901770 40.68  83.004025  25.204019 19.729 -100.00 -100.00 -100.00
 173    61.951 56372.01594621 34.04  83.003160  25.206230 23.760 -100.00 -100.00 -100.00
 173    62.863 56372.01594680 37.59  83.004294  25.203788 13.219 -100.00 -100.00 -100.00
 175    61.673 56391.84723698 34.13  82.998978  25.205780 19.491 -100.00 -100.00 -100.00
 175    62.185 56391.84723757 36.00  83.000112  25.203338 16.910 -100.00 -100.00 -100.00
 176    61.382 56401.76287975 33.93  83.001396  25.205801 18.374 -100.00 -100.00 -100.00
 176    62.581 56401.76288034 36.73  83.002530  25.203359 16.082 -100.00 -100.00 -100.00
 180    59.967 56441.42544647 28.71  83.003692  25.206218 30.781 -100.00 -100.00 -100.00
 180    60.262 56441.42544706 28.53  83.004826  25.203776 25.633 -100.00 -100.00 -100.00
 181    60.238 56451.34109697 30.89  83.001370  25.204459   -100 -100.00 -100.00 -100.00
 181    60.536 56451.34109756 32.03  83.002504  25.202017 29.433 -100.00 -100.00 -100.00
 182    78.406 56461.25674495 24.79  83.000479  25.204980 10.385 -100.00 -100.00 -100.00
 182    76.959 56461.25674554 29.02  83.001613  25.202538 22.913 -100.00 -100.00 -100.00
 185    78.803 56491.00366837 25.29  83.001678  25.205451 10.060 -100.00 -100.00 -100.00
 185    79.457 56491.00366896 25.66  83.002813  25.203010  9.945 -100.00 -100.00 -100.00
 186    70.187 56500.91930293 37.92  83.003820  25.206004 27.408 -100.00 -100.00 -100.00
 186    70.235 56500.91930352 39.30  83.004954  25.203562 31.696 -100.00 -100.00 -100.00
 191    66.851 56550.49752587 45.00  83.003663  25.205957  1.024 -100.00 -100.00 -100.00
 191    66.876 56550.49752646 40.85  83.004797  25.203515   -100 -100.00 -100.00 -100.00
 192    65.184 56560.41316853 46.90  83.002300  25.205651   -100 -100.00 -100.00 -100.00
 192    65.478 56560.41316912 48.79  83.003435  25.203209   -100 -100.00 -100.00 -100.00
 193    65.343 56570.32881038 44.29  83.002473  25.206145   -100 -100.00 -100.00 -100.00
 193    65.164 56570.32881097 42.91  83.003607  25.203703   -100 -100.00 -100.00 -100.00
 197    64.535 56609.99138536 44.95  83.005017  25.206784 21.804 -100.00 -100.00 -100.00
 197    63.923 56609.99138595 44.94  83.006151  25.204342   -100 -100.00 -100.00 -100.00
 198    63.722 56619.90703096 43.81  83.003026  25.206247   -100 -100.00 -100.00 -100.00
 198    63.462 56619.90703155 45.87  83.004160  25.203805   -100 -100.00 -100.00 -100.00
 199    63.541 56629.82267329 44.00  83.002707  25.206386 27.836 -100.00 -100.00 -100.00
 199    63.409 56629.82267388 44.70  83.003841  25.203944 30.143 -100.00 -100.00 -100.00
 200    62.922 56639.73831227 40.79  83.004654  25.206785 22.949 -100.00 -100.00 -100.00
 200    63.663 56639.73831286 41.85  83.005788  25.204344 17.405 -100.00 -100.00 -100.00
 203    62.673 56669.48525535 37.88  82.999661  25.206213 29.569 -100.00 -100.00 -100.00
 203    63.023 56669.48525594 40.70  83.000795  25.203771 28.120 -100.00 -100.00 -100.00
 204    62.958 56679.40090051 36.03  82.999231  25.206328   -100 -100.00 -100.00 -100.00
 204    62.938 56679.40090110 39.40  83.000365  25.203886   -100 -100.00 -100.00 -100.00
 205    63.260 56689.31654443 37.72  83.000719  25.206449 27.059 -100.00 -100.00 -100.00
 205    63.802 56689.31654502 41.91  83.001853  25.204007 18.151 -100.00 -100.00 -100.00
 206    63.739 56699.23218578 40.77  83.003234  25.206344 20.787 -100.00 -100.00 -100.00
 206    63.302 56699.23218637 43.03  83.004368  25.203902 26.662 -100.00 -100.00 -100.00
 207    64.182 56709.14782232 39.72  83.005639  25.206993 16.199 -100.00 -100.00 -100.00
 207    63.161 56709.14782291 40.85  83.006773  25.204551 23.125 -100.00 -100.00 -100.00
 209    63.278 56728.97911513 38.93  83.001533  25.205720 19.704 -100.00 -100.00 -100.00
 209    63.216 56728.97911572 43.09  83.002667  25.203279 30.160 -100.00 -100.00 -100.00
 210    62.879 56738.89476368 38.97  82.999908  25.204572 31.128 -100.00 -100.00 -100.00
 210    62.248 56738.89476427 42.78  83.001042  25.202130 32.750 -100.00 -100.00 -100.00
 211    65.998 56748.81040776 37.74  82.999726  25.206202 11.257 -100.00 -100.00 -100.00
 211    63.075 56748.81040835 43.12  83.000859  25.203760 21.906 -100.00 -100.00 -100.00
 212    63.813 56758.72604788 37.77  83.003296  25.205418 13.999 -100.00 -100.00 -100.00
 212    62.456 56758.72604848 42.94  83.004429  25.202976   -100 -100.00 -100.00 -100.00
 216    61.304 56798.38863527 30.21  82.995457  25.209179   -100 -100.00 -100.00 -100.00
 216    61.352 56798.38863586 30.29  82.996591  25.206737   -100 -100.00 -100.00 -100.00
 216    61.329 56798.38863645 29.39  82.997725  25.204296   -100 -100.00 -100.00 -100.00
 217    61.392 56808.30428220 31.28  82.994947  25.207879   -100 -100.00 -100.00 -100.00
 217    61.339 56808.30428279 31.95  82.996081  25.205437   -100 -100.00 -100.00 -100.00
 217    61.309 56808.30428338 31.09  82.997214  25.202995   -100 -100.00 -100.00 -100.00
 218    61.266 56818.21992418 40.06  82.998008  25.204698   -100 -100.00 -100.00 -100.00
 218    60.930 56818.21992477 51.48  82.999142  25.202256   -100 -100.00 -100.00 -100.00
 219    61.296 56828.13556165 34.38  83.000030  25.205430 27.132 -100.00 -100.00 -100.00
 219    60.941 56828.13556224 38.79  83.001164  25.202988   -100 -100.00 -100.00 -100.00
 220    61.065 56838.05119629 37.29  83.003154  25.204534 24.136 -100.00 -100.00 -100.00
 220    61.088 56838.05119688 48.26  83.004288  25.202093 13.991 -100.00 -100.00 -100.00
 221    61.459 56847.96682713 34.28  83.005579  25.207262 27.899 -100.00 -100.00 -100.00
 221    61.661 56847.96682772 36.26  83.006713  25.204820 20.297 -100.00 -100.00 -100.00
 222    61.531 56857.88248016 37.89  83.003657  25.205724 23.071 -100.00 -100.00 -100.00
 222    61.946 56857.88248075 40.88  83.004791  25.203282 18.872 -100.00 -100.00 -100.00
 223    64.905 56867.79813295 35.75  83.002291  25.206309 26.569 -100.00 -100.00 -100.00
 223    76.119 56867.79813354 34.42  83.003426  25.203867 23.959 -100.00 -100.00 -100.00
 224    67.453 56877.71378442 53.40  83.002095  25.204734 27.164 -100.00 -100.00 -100.00
 224    67.638 56877.71378501 48.08  83.003229  25.202292   -100 -100.00 -100.00 -100.00
 225    69.889 56887.62943202 51.09  83.000091  25.205559   -100 -100.00 -100.00 -100.00
 225    69.937 56887.62943261 52.19  83.001225  25.203117  8.617 -100.00 -100.00 -100.00
 226    77.294 56897.54507738 29.38  82.998375  25.204608 11.762 -100.00 -100.00 -100.00
 226    76.904 56897.54507797 35.02  82.999509  25.202166 19.118 -100.00 -100.00 -100.00
 227    77.519 56907.46071906 27.06  82.995094  25.208842 10.920 -100.00 -100.00 -100.00
 227    63.816 56907.46071965 32.42  82.996229  25.206400 25.403 -100.00 -100.00 -100.00
 227    77.829 56907.46072024 29.64  82.997363  25.203958 13.059 -100.00 -100.00 -100.00
 228    65.800 56917.37636019 49.06  82.996142  25.208660   -100 -100.00 -100.00 -100.00
 228    65.973 56917.37636078 51.47  82.997276  25.206218   -100 -100.00 -100.00 -100.00
 228    65.910 56917.37636137 54.47  82.998410  25.203775   -100 -100.00 -100.00 -100.00
 229    78.376 56927.29200072 28.37  83.001593  25.204513 13.105 -100.00 -100.00 -100.00
 229    78.380 56927.29200131 29.66  83.002727  25.202071 18.072 -100.00 -100.00 -100.00
 233    79.610 56966.95457041 34.99  83.002775  25.205182 11.487 -100.00 -100.00 -100.00
 233    62.614 56966.95457101 39.99  83.003909  25.202740 21.651 -100.00 -100.00 -100.00
 234    61.590 56976.87021462 35.30  83.001860  25.205499 30.546 -100.00 -100.00 -100.00
 234    62.444 56976.87021521 39.12  83.002994  25.203057 20.782 -100.00 -100.00 -100.00
 235    78.574 56986.78585453 34.16  83.003921  25.205354 11.596 -100.00 -100.00 -100.00
 235    62.274 56986.78585512 39.07  83.005055  25.202912 19.011 -100.00 -100.00 -100.00
 239    61.396 57026.44843719 31.13  83.000287  25.205616 27.520 -100.00 -100.00 -100.00
 239    61.361 57026.44843778 28.44  83.001421  25.203174 18.308 -100.00 -100.00 -100.00
 240    61.675 57036.36408609 30.97  83.000055  25.205050 21.234 -100.00 -100.00 -100.00
 240    61.260 57036.36408668 32.99  83.001189  25.202608   -100 -100.00 -100.00 -100.00
 241    73.908 57046.27973247 30.71  83.001420  25.205528 24.980 -100.00 -100.00 -100.00
 241    61.457 57046.27973306 34.37  83.002554  25.203086 26.411 -100.00 -100.00 -100.00
 249    61.710 57125.60488601 33.44  83.003289  25.205356 28.571 -100.00 -100.00 -100.00
 249    61.935 57125.60488660 34.22  83.004422  25.202915 22.628 -100.00 -100.00 -100.00
 250    61.278 57135.52052561 34.33  83.002215  25.206151 23.249 -100.00 -100.00 -100.00
 250    64.825 57135.52052620 35.14  83.003349  25.203710 11.356 -100.00 -100.00 -100.00
 251    61.470 57145.43616156 31.39  83.003521  25.205938 26.658 -100.00 -100.00 -100.00
 251    61.129 57145.43616215 31.08  83.004655  25.203496   -100 -100.00 -100.00 -100.00
 255    60.372 57185.09874533 28.61  83.002377  25.206501 21.006 -100.00 -100.00 -100.00
 255    60.468 57185.09874592 31.42  83.003511  25.204059 24.695 -100.00 -100.00 -100.00
 256    78.865 57195.01439441 23.40  83.000014  25.205587  7.956 -100.00 -100.00 -100.00
 256    78.692 57195.01439500 27.44  83.001149  25.203146 15.571 -100.00 -100.00 -100.00
 257    60.559 57204.93002932 33.70  82.998230  25.205868 22.734 -100.00 -100.00 -100.00
 257    60.275 57204.93002991 36.52  82.999364  25.203426 21.713 -100.00 -100.00 -100.00
 258    73.522 57214.84567428 38.02  82.998661  25.206352 16.420 -100.00 -100.00 -100.00
 258    62.748 57214.84567487 41.16  82.999795  25.203910   -100 -100.00 -100.00 -100.00
 259    78.052 57224.76131822 29.93  83.002013  25.205241 13.344 -100.00 -100.00 -100.00
 259    78.047 57224.76131881 31.01  83.003147  25.202799 15.370 -100.00 -100.00 -100.00
 260    79.516 57234.67695974 29.77  83.004493  25.206056  7.725 -100.00 -100.00 -100.00
 260    79.460 57234.67696033 31.83  83.005627  25.203614  9.682 -100.00 -100.00 -100.00
 261    66.906 57244.59259797 50.63  83.005646  25.206587 15.863 -100.00 -100.00 -100.00
 261    67.076 57244.59259856 46.34  83.006780  25.204145   -100 -100.00 -100.00 -100.00
 268    61.241 57314.00211883 42.32  83.000488  25.205978   -100 -100.00 -100.00 -100.00
 268    61.438 57314.00211942 44.22  83.001622  25.203536   -100 -100.00 -100.00 -100.00
 269    60.786 57323.91776158 37.94  82.996484  25.209333   -100 -100.00 -100.00 -100.00
 269    61.393 57323.91776276 41.33  82.998752  25.204448 28.334 -100.00 -100.00 -100.00
 269    60.999 57323.91776335 45.50  82.999886  25.202006   -100 -100.00 -100.00 -100.00
 270    61.561 57333.83340439 42.33  82.999085  25.204841 31.317 -100.00 -100.00 -100.00
 270    61.428 57333.83340498 45.30  83.000219  25.202399   -100 -100.00 -100.00 -100.00
 271    62.151 57343.74904404 39.19  83.001689  25.205754 23.536 -100.00 -100.00 -100.00
 271    61.916 57343.74904463 43.04  83.002823  25.203312 28.587 -100.00 -100.00 -100.00
 272    61.419 57353.66469694 37.56  82.999983  25.205232   -100 -100.00 -100.00 -100.00
 272    61.377 57353.66469753 39.35  83.001117  25.202790   -100 -100.00 -100.00 -100.00
 273    61.496 57363.58034079 39.11  83.000500  25.204738   -100 -100.00 -100.00 -100.00
 273    61.410 57363.58034138 42.90  83.001634  25.202296   -100 -100.00 -100.00 -100.00
 274    61.574 57373.49598100 37.42  83.000184  25.206002 27.206 -100.00 -100.00 -100.00
 274    62.728 57373.49598160 40.04  83.001318  25.203560 16.285 -100.00 -100.00 -100.00
 275    60.860 57383.41162046 31.44  83.002062  25.204492   -100 -100.00 -100.00 -100.00
 275    72.590 57383.41162105 26.31  83.003196  25.202050 18.703 -100.00 -100.00 -100.00
 279    60.602 57423.07419452 35.38  83.006002  25.207229 28.782 -100.00 -100.00 -100.00
 279    60.578 57423.07419511 37.56  83.007136  25.204787 19.654 -100.00 -100.00 -100.00
 280    78.609 57432.98984396 36.43  83.003155  25.204481 17.790 -100.00 -100.00 -100.00
 280    60.590 57432.98984455 40.37  83.004289  25.202039 26.140 -100.00 -100.00 -100.00
 281    60.362 57442.90549057 37.62  83.000213  25.205545   -100 -100.00 -100.00 -100.00
 281    61.125 57442.90549116 39.25  83.001347  25.203103 19.988 -100.00 -100.00 -100.00
 282    60.499 57452.82113687 35.49  83.000884  25.205154 28.566 -100.00 -100.00 -100.00
 282    60.133 57452.82113746 37.54  83.002018  25.202713 22.328 -100.00 -100.00 -100.00
 283    62.283 57462.73678157 36.27  83.003226  25.204632 15.144 -100.00 -100.00 -100.00
 283    61.109 57462.73678216 39.23  83.004359  25.202190 16.796 -100.00 -100.00 -100.00
 289    79.738 57522.23063170 17.69  83.005169  25.206361  4.633 -100.00 -100.00 -100.00
 289    80.457 57522.23063229 19.79  83.006303  25.203919  6.554 -100.00 -100.00 -100.00
 291    78.579 57542.06193460 19.40  83.002057  25.204763  7.631 -100.00 -100.00 -100.00
 291    78.702 57542.06193519 19.94  83.003191  25.202321  7.871 -100.00 -100.00 -100.00
 292    59.668 57551.97758077 35.64  82.999684  25.206430 29.352 -100.00 -100.00 -100.00
 292    84.241 57551.97758136 36.61  83.000818  25.203988 21.927 -100.00 -100.00 -100.00
 293    59.095 57561.89322616 36.60  83.000059  25.204479 20.642 -100.00 -100.00 -100.00
 293    59.901 57561.89322675 39.07  83.001194  25.202037 24.147 -100.00 -100.00 -100.00
 294    60.533 57571.80887037 38.02  83.000423  25.205301 32.421 -100.00 -100.00 -100.00
 294    60.799 57571.80887096 40.19  83.001557  25.202860 25.657 -100.00 -100.00 -100.00
 295    79.001 57581.72451467 25.78  83.001955  25.205407  8.267 -100.00 -100.00 -100.00
 295    69.575 57581.72451526 33.10  83.003089  25.202965 25.397 -100.00 -100.00 -100.00
 296    79.466 57591.64015723 27.85  83.003878  25.205289  7.033 -100.00 -100.00 -100.00
 296    79.215 57591.64015782 29.63  83.005012  25.202847  8.804 -100.00 -100.00 -100.00
 297    67.955 57601.55579690 52.60  83.004434  25.206035  9.857 -100.00 -100.00 -100.00
 297    67.998 57601.55579749 50.09  83.005568  25.203593   -100 -100.00 -100.00 -100.00
