#   42.205   0.038   1.126 ;Mean Elev.(m), Avg Gradient(m/km), RMS Gradient(m/km) - SRTM1     
#   39.029   0.133   1.647 ;Mean Elev.(m), Avg Gradient(m/km), RMS Gradient(m/km) - ASTER GDEM
#   43.290   0.012   1.206 ;Mean Elev.(m), Avg Gradient(m/km), RMS Gradient(m/km) - GMTED2010 
   1  85.698284  25.515885    44.708    44.645  3 54659.57655567 33.327
   2  85.696830  25.513495    45.341    45.323  3 54669.49220167 42.009
   3  85.695596  25.514352    42.336    42.317  3 54679.40784535 21.590
   4  85.697417  25.514694    45.726    45.776  3 54689.32348845 30.207
   5  85.700813  25.515243    44.883    45.089  3 54699.23912968 32.110
   6  85.701408  25.515779    46.038    46.072  3 54709.15477390 42.238
   7  85.697646  25.514990    44.931    44.989  3 54719.07042545 34.039
   8  85.694355  25.511208    42.665    42.632  3 54728.98607491 37.910
   9  85.692011  25.508438    45.001    44.997  3 54738.90172249 33.157
  10  85.692048  25.505974    43.316    43.320  5 54748.81736994 53.700
  11  85.692189  25.506402    41.690    41.723  4 54758.73301646 51.802
  12  85.692137  25.509335    41.095    41.095  2 54768.64866018 51.554
  13  85.692738  25.510655    40.575    40.543  3 54778.56430096 49.367
  14  85.692976  25.511448    40.436    40.404  3 54788.47993951 48.421
  15  85.693581  25.511722    40.025    40.025  2 54798.39557749 48.840
  16  85.694883  25.514525    39.784    39.645  3 54808.31121528 41.148
  17  85.698745  25.515047    39.566    39.417  3 54818.22685334 43.972
  18  85.698099  25.514705    39.257    38.925  3 54828.14250482 44.802
  19  85.695764  25.512509    39.488    38.444  3 54838.05814443 27.075
  20  85.692762  25.510078    38.455    38.455  2 54847.97379422 51.427
  21  85.692338  25.505902    38.415    38.421  4 54857.88944382 47.791
  22  85.692434  25.505109    38.323    38.337  4 54867.80509270 46.494
  23  85.692322  25.506664    38.149    38.141  4 54877.72074025 46.698
  24  85.692740  25.507570    37.977    37.981  4 54887.63638491 47.633
  25  85.692495  25.505285    37.905    37.915  4 54897.55202679 45.766
  26  85.690863  25.504585    37.980    37.982  3 54907.46766583 45.398
  27  85.691026  25.504322    38.099    38.161  3 54917.38330394 44.458
  28  85.692181  25.506806    37.802    37.785  4 54927.29894164 41.162
  29  85.693362  25.512095    37.987    37.999  3 54937.21457820 33.782
  30  85.696048  25.514462    37.900    37.904  3 54947.13021369 41.882
  31  85.698251  25.516198    37.950    37.912  3 54957.04584793 34.876
  32  85.696570  25.513725    38.024    38.027  3 54966.96149697 26.649
  33  85.694662  25.513272    39.174    37.746  3 54976.87714431 29.483
  34  85.694368  25.512187    38.598    38.852  3 54986.79279176 36.859
  35  85.694312  25.513340    38.006    38.078  3 54996.70843884 29.934
  36  85.695292  25.511869    37.770    37.848  3 55006.62408484 28.738
  37  85.694288  25.513063    39.408    39.417  3 55016.53972800 29.932
  38  85.693957  25.511857    40.202    40.202  2 55026.45537045 27.165
  39  85.693685  25.512106    41.026    41.034  3 55036.37101235 31.791
  40  85.694650  25.513998    43.751    43.791  3 55046.28665331 49.500
  41  85.697661  25.514476    43.319    43.185  3 55056.20229300 31.775
  42  85.699088  25.515803    44.538    44.540  3 55066.11793008 49.099
  43  85.695957  25.514234    43.932    43.954  3 55076.03357956 30.643
  44  85.693032  25.510746    44.630    44.571  3 55085.94922781 52.021
  45  85.692292  25.506847    43.589    43.590  4 55095.86487449 35.225
  46  85.692631  25.505909    42.472    42.515  3 55105.78052027 33.369
  47  85.692987  25.506988    44.304    44.290  4 55115.69616527 52.468
  48  85.693450  25.507792    42.884    42.921  3 55125.61180796 53.950
  49  85.692494  25.510986    41.548    41.508  3 55135.52744757 48.809
  50  85.692922  25.511328    40.474    40.474  2 55145.44308600 50.384
  51  85.694070  25.511806    40.127    40.127  2 55155.35872406 29.915
  52  85.695803  25.512570    39.804    39.746  3 55165.27436252 47.787
  53  85.697620  25.514950    39.658    39.683  3 55175.19000054 46.267
  54  85.699138  25.515641    39.160    39.160  2 55185.10564153 44.229
  55  85.696808  25.513827    38.741    38.762  3 55195.02129320 50.253
  56  85.693929  25.512124    38.496    38.518  3 55204.93694331 47.001
  57  85.692781  25.510384    38.528    38.424  3 55214.85259274 39.881
  58  85.691994  25.510330    38.391    38.376  3 55224.76824118 45.975
  59  85.692063  25.509183    38.319    38.319  2 55234.68388796 46.612
  60  85.692965  25.506931    38.123    38.238  3 55244.59953176 39.378
  61  85.691985  25.506148    38.027    37.967  4 55254.51517224 41.353
  62  85.691061  25.505618    37.962    37.960  4 55264.43081115 38.051
  63  85.692519  25.504895    37.861    37.856  4 55274.34644961 39.541
  64  85.692901  25.510891    37.762    37.745  3 55284.26208617 36.775
  65  85.695345  25.513508    37.846    37.790  3 55294.17772209 37.833
  66  85.696088  25.515100    37.811    37.834  3 55304.09335989 29.613
  67  85.694452  25.512305    37.874    37.904  3 55314.00900802 29.658
  68  85.693566  25.511118    37.881    37.877  3 55323.92465366 44.462
  69  85.693611  25.511515    37.934    37.984  3 55333.84029750 30.403
  70  85.693673  25.512920    37.921    37.889  3 55343.75594083 32.303
  71  85.694483  25.512513    38.034    38.045  3 55353.67158400 46.859
  72  85.694372  25.514089    37.542    37.553  3 55363.58722459 35.654
  73  85.695356  25.513578    38.202    38.274  3 55373.50286401 32.192
  74  85.696355  25.514941    39.232    39.183  3 55383.41850196 25.008
  75  85.698427  25.514988    41.342    40.651  3 55393.33413965 22.972
  76  85.700959  25.516045    43.145    43.168  3 55403.24977628 25.678
  77  85.698746  25.514526    43.736    43.725  3 55413.16542850 28.899
  78  85.694925  25.514815    43.343    43.314  3 55423.08107735 29.945
  79  85.693269  25.511250    45.063    45.063  2 55432.99672441 40.933
  80  85.692251  25.508615    45.780    45.757  3 55442.91236929 35.037
  81  85.692990  25.506831    45.532    45.528  3 55452.82801252 50.915
  82  85.693285  25.510456    45.720    45.720  2 55462.74365372 55.131
  83  85.694116  25.513549    45.074    44.962  3 55472.65929310 50.423
  84  85.695404  25.513778    42.915    42.882  3 55482.57493031 45.861
  85  85.695851  25.514164    41.576    41.397  4 55492.49056536 43.539
  86  85.697117  25.515926    41.363    41.354  3 55502.40619887 45.613
  87  85.697670  25.514421    40.813    40.850  3 55512.32184511 47.617
  88  85.697301  25.513732    40.333    40.230  3 55522.23749518 48.805
  89  85.696269  25.513187    39.959    39.941  3 55532.15314387 43.947
  90  85.694475  25.512850    39.687    39.687  2 55542.06879074 44.013
  91  85.693239  25.511942    39.269    39.269  2 55551.98443562 39.467
  92  85.693205  25.510423    39.030    39.030  2 55561.90007913 36.572
  93  85.693884  25.511996    38.463    38.463  2 55571.81572120 35.856
  94  85.695233  25.513209    38.353    38.380  3 55581.73136208 41.156
  95  85.696003  25.514318    38.376    38.286  4 55591.64699974 41.001
  96  85.696637  25.515088    38.600    38.717  3 55601.56263420 34.933
  97  85.697330  25.515837    38.062    37.882  3 55611.47826671 43.144
  98  85.699547  25.515775    38.303    38.491  3 55621.39389991 35.619
  99  85.697629  25.514303    38.177    38.095  3 55631.30955331 33.214
 100  85.696942  25.513833    37.837    37.824  3 55641.22520461 30.050
 101  85.696166  25.513355    37.781    37.817  3 55651.14085318 40.472
 102  85.694344  25.512647    37.586    37.586  2 55661.05649789 30.846
 103  85.694417  25.508269    37.697    37.668  3 55670.97214001 33.770
 104  85.693195  25.511638    37.848    37.829  3 55680.88777851 28.339
 105  85.695743  25.514020    38.203    38.194  4 55690.80341552 26.753
 106  85.699916  25.514693    38.276    38.311  3 55700.71905131 30.478
 107  85.701096  25.516196    38.402    38.435  3 55710.63469086 28.717
 108  85.698098  25.515322    39.205    39.149  3 55720.55034041 39.990
 109  85.695585  25.513864    40.287    38.553  3 55730.46598807 29.494
 110  85.694303  25.513822    41.753    40.676  3 55740.38163446 29.324
 111  85.694370  25.513857    44.351    44.356  3 55750.29727989 32.797
 112  85.695604  25.513286    43.326    43.244  3 55760.21292329 32.967
 113  85.696006  25.513688    45.820    45.818  3 55770.12856354 37.532
 114  85.695400  25.514575    45.370    45.361  3 55780.04420024 31.893
 115  85.695851  25.515135    46.817    46.744  3 55789.95983431 32.986
 116  85.698486  25.515487    46.217    46.217  2 55799.87546722 31.663
 117  85.698083  25.515632    45.483    45.499  3 55809.79111421 35.262
 118  85.698124  25.516090    45.682    45.776  3 55819.70676255 36.960
 119  85.699147  25.515365    46.009    46.055  3 55829.62240672 31.318
 120  85.698568  25.516014    44.123    44.121  3 55839.53804604 50.493
 121  85.698333  25.514755    42.465    42.362  3 55849.45368292 44.712
 122  85.699410  25.515255    41.805    41.803  3 55859.36931785 48.908
 123  85.698519  25.515308    41.475    41.425  3 55869.28496729 45.629
 124  85.698533  25.515275    41.370    41.258  3 55879.20061899 45.077
 125  85.699009  25.514924    40.606    40.633  3 55889.11626414 38.175
 126  85.698902  25.515366    40.459    40.459  2 55899.03190323 44.044
 127  85.699782  25.516154    39.884    39.853  3 55908.94753727 45.469
 128  85.696644  25.515811    39.627    39.454  3 55918.86318691 48.388
 129  85.695674  25.513150    39.333    39.368  3 55928.77884008 50.108
 130  85.694933  25.513470    40.069    40.300  3 55938.69448901 44.081
 131  85.694447  25.512161    39.372    39.354  3 55948.61013343 51.115
 132  85.693646  25.511410    39.423    39.553  3 55958.52577328 41.425
 133  85.693334  25.511723    38.823    38.843  3 55968.44141080 31.341
 134  85.694242  25.513969    38.919    38.983  3 55978.35704743 31.175
 135  85.697444  25.515299    38.709    38.685  3 55988.27268392 34.620
 136  85.699766  25.515452    38.951    38.951  2 55998.18832513 50.263
 137  85.697242  25.515349    38.582    38.618  3 56008.10397657 29.742
 138  85.694986  25.513590    38.858    38.870  3 56018.01962406 47.198
 139  85.693500  25.510725    38.706    38.706  2 56027.93526868 26.330
 140  85.692893  25.510540    38.714    38.688  3 56037.85091087 30.273
 141  85.694887  25.511881    38.806    38.887  3 56047.76655089 47.403
 142  85.697783  25.514252    38.678    38.696  3 56057.68218795 40.607
 143  85.702015  25.515610    38.731    38.731  2 56067.59782099 46.887
 144  85.699205  25.515043    38.432    38.483  3 56077.51347026 30.374
 145  85.695408  25.514983    38.900    38.855  3 56087.42911858 30.023
 146  85.694632  25.512929    38.909    38.823  3 56097.34476528 41.049
 147  85.695002  25.512785    40.556    40.570  3 56107.26040966 33.382
 148  85.695611  25.514015    43.315    43.861  4 56117.17603944 19.033
 149  85.696561  25.515469    43.288    43.859  3 56127.09167707 30.971
 150  85.698068  25.514990    43.702    43.858  3 56137.00731126 25.793
 151  85.696672  25.513766    45.017    45.032  3 56146.92295601 30.083
 152  85.695529  25.512495    45.253    45.198  3 56156.83860517 43.559
 153  85.694606  25.514190    45.285    45.265  3 56166.75425272 33.837
 154  85.695865  25.512599    44.897    44.912  3 56176.66989866 29.769
 155  85.695728  25.514882    44.981    45.048  3 56186.58553884 25.643
 156  85.696119  25.515045    45.656    45.564  3 56196.50117587 53.031
 157  85.697397  25.514824    43.123    43.171  3 56206.41681034 50.112
 158  85.700223  25.514815    41.971    42.195  3 56216.33244367 45.319
 159  85.701565  25.516508    41.116    40.952  3 56226.24808439 42.314
 160  85.699980  25.515942    41.233    40.649  3 56236.16373986 32.439
 161  85.698114  25.515090    40.406    40.319  3 56246.07939146 41.248
 162  85.695891  25.515290    40.185    40.140  3 56255.99503765 36.137
 163  85.695718  25.513562    39.657    39.518  3 56265.91068040 42.546
 164  85.695658  25.513924    39.432    39.396  3 56275.82632088 43.927
 165  85.695229  25.513805    39.068    38.972  3 56285.74196683 35.741
 166  85.694026  25.513083    39.125    39.257  3 56295.65761693 39.014
 167  85.694546  25.508062    38.632    38.696  3 56305.57326393 41.976
 168  85.693513  25.507502    38.583    38.687  3 56315.48890665 40.417
 169  85.693599  25.507733    39.036    38.739  3 56325.40454774 41.493
 170  85.693451  25.512701    39.096    38.866  3 56335.32018720 34.720
 171  85.695802  25.513998    39.369    39.159  4 56345.23582666 44.033
 172  85.697532  25.515946    39.221    39.259  3 56355.15146359 38.600
 173  85.696205  25.514551    39.102    39.113  4 56365.06710971 43.057
 174  85.693578  25.512767    38.633    38.674  3 56374.98275897 38.419
 176  85.694239  25.508139    38.420    38.546  3 56394.81404945 41.676
 177  85.694058  25.513090    38.492    38.493  3 56404.72968996 37.572
 178  85.696748  25.513521    38.990    38.907  3 56414.64532848 40.036
 179  85.699768  25.515004    38.812    38.720  3 56424.56096200 31.945
 180  85.698488  25.514278    38.529    38.609  3 56434.47660820 28.124
 181  85.695271  25.511890    40.908    40.715  3 56444.39226048 23.510
 182  85.693585  25.510825    39.099    39.096  3 56454.30791025 25.128
 183  85.692559  25.511224    42.214    42.214  2 56464.22355709 48.336
 184  85.694084  25.507797    44.029    44.020  3 56474.13920141 29.378
 185  85.694396  25.508147    44.831    44.869  3 56484.05484144 27.981
 186  85.693616  25.512247    45.097    45.053  3 56493.97047719 34.385
 187  85.695586  25.514876    46.149    46.182  3 56503.88611107 29.359
 188  85.701149  25.514982    46.446    46.554  3 56513.80174401 35.818
 189  85.700366  25.515898    46.720    46.720  2 56523.71739365 32.237
 190  85.698335  25.514677    47.047    47.039  3 56533.63304494 30.682
 192  85.694488  25.511287    43.907    43.916  3 56553.46433723 39.984
 193  85.693723  25.513154    43.038    42.915  3 56563.37997953 32.011
 194  85.695975  25.512668    43.694    43.425  3 56573.29562151 26.604
 195  85.698242  25.514540    44.229    44.239  3 56583.21126088 48.133
 196  85.701339  25.516321    42.742    42.742  2 56593.12689585 31.979
 197  85.697930  25.515416    42.175    41.921  3 56603.04254804 49.256
 198  85.695729  25.512630    41.397    41.467  3 56612.95819765 41.033
 199  85.694776  25.513041    40.947    40.947  2 56622.87384230 53.034
 200  85.694925  25.514319    40.874    40.773  3 56632.78948385 48.746
 201  85.697067  25.515708    40.257    40.265  3 56642.70512094 42.160
 202  85.695967  25.513227    40.074    39.990  3 56652.62077135 41.659
 203  85.693223  25.512297    39.900    39.938  3 56662.53642058 47.813
 204  85.692167  25.509980    39.833    39.833  2 56672.45206763 39.709
 205  85.693533  25.507347    39.983    39.962  3 56682.36771366 32.476
 206  85.693629  25.511926    40.084    40.059  3 56692.28335621 34.860
 207  85.695855  25.514778    39.795    39.832  3 56702.19899537 37.228
 208  85.698341  25.515324    39.539    39.534  3 56712.11462997 37.087
 209  85.695224  25.514741    40.431    40.083  3 56722.03027619 41.226
 210  85.692627  25.510044    39.938    39.938  2 56731.94592848 46.792
 211  85.692277  25.508528    39.883    39.710  3 56741.86157643 44.279
 212  85.693224  25.511535    39.614    39.772  3 56751.77721911 46.022
 213  85.696188  25.514603    39.347    39.244  4 56761.69285669 38.344
 214  85.700009  25.516260    39.183    39.201  3 56771.60848787 43.499
 215  85.695317  25.514340    39.285    39.304  3 56781.52414331 31.398
 216  85.692138  25.509911    39.008    39.008  2 56791.43979840 30.296
 217  85.690851  25.505430    39.108    39.103  4 56801.35545086 29.451
 218  85.691529  25.505634    39.675    39.527  4 56811.27109554 39.635
 219  85.693031  25.506991    39.338    39.417  4 56821.18673569 33.586
 220  85.693503  25.511106    39.673    39.567  3 56831.10237103 44.361
 221  85.695527  25.512512    40.218    40.169  3 56841.01800367 43.138
 222  85.696248  25.514567    41.474    41.477  3 56850.93363966 34.978
 223  85.694504  25.512342    42.878    42.906  3 56860.84929406 28.272
 224  85.693917  25.512024    43.610    43.610  2 56870.76494733 29.161
 225  85.693823  25.511605    45.050    45.000  3 56880.68059783 29.979
 226  85.692690  25.511226    45.706    45.694  3 56890.59624459 34.256
 227  85.692564  25.506008    44.150    44.140  4 56900.51188962 34.599
 228  85.691270  25.504991    43.394    43.485  4 56910.42753184 29.131
 229  85.692071  25.506692    43.961    44.010  4 56920.34317234 29.543
 230  85.694135  25.512187    43.151    43.151  2 56930.25881023 51.485
 231  85.698300  25.515162    41.726    41.726  2 56940.17444408 50.417
 232  85.700683  25.515050    42.489    42.464  3 56950.09008265 48.663
 233  85.696173  25.514227    41.373    41.366  4 56960.00573472 46.706
 234  85.693755  25.511774    40.812    40.842  3 56969.92138206 49.842
 235  85.693993  25.511247    40.395    40.340  3 56979.83702515 47.067
 236  85.695526  25.514330    40.253    40.230  3 56989.75266306 44.315
 237  85.700308  25.515281    39.818    39.567  3 56999.66829535 40.569
 238  85.697684  25.514327    39.361    39.362  3 57009.58394822 41.360
 239  85.694261  25.513136    39.620    39.631  3 57019.49960041 43.302
 240  85.692961  25.510239    39.501    39.435  3 57029.41525037 47.364
 241  85.693726  25.507481    39.339    39.437  3 57039.33089905 37.648
 242  85.693352  25.511427    39.265    39.265  2 57049.24654413 39.811
 243  85.695388  25.512904    39.302    39.276  3 57059.16218596 35.402
 244  85.696866  25.514778    39.067    39.099  3 57069.07782193 36.469
 245  85.698343  25.515212    39.160    38.928  3 57078.99345375 39.094
 246  85.699275  25.514737    38.816    38.841  3 57088.90909033 37.519
 247  85.695407  25.513981    39.181    39.162  3 57098.82474826 38.187
 248  85.694486  25.513073    39.236    39.193  3 57108.74040339 39.577
 249  85.695480  25.512415    39.493    39.537  3 57118.65605333 46.145
 250  85.695244  25.512747    39.309    39.252  3 57128.57169696 44.452
 251  85.694713  25.513135    39.355    39.339  3 57138.48733511 39.747
 252  85.695849  25.513275    39.356    39.287  3 57148.40296991 35.890
 253  85.698556  25.515352    39.128    39.128  2 57158.31860201 33.150
 254  85.698360  25.515252    39.205    39.172  3 57168.23425035 32.953
 255  85.695746  25.514221    39.546    39.487  4 57178.14990675 40.789
 256  85.693919  25.511754    39.191    39.086  3 57188.06555937 40.256
 257  85.692275  25.510886    39.749    39.784  3 57197.98120748 40.482
 258  85.692119  25.509685    41.703    41.703  2 57207.89684187 37.465
 259  85.692820  25.510179    42.849    42.849  2 57217.81248602 49.655
 260  85.694005  25.512046    43.355    43.300  3 57227.72812884 50.542
 261  85.695809  25.512962    44.912    44.891  3 57237.64376976 27.299
 262  85.696753  25.515205    44.198    44.231  3 57247.55940703 27.698
 263  85.698550  25.514744    45.946    45.982  3 57257.47504248 51.563
 264  85.700261  25.515412    44.477    44.477  2 57267.39067673 29.231
 265  85.699678  25.515907    42.652    42.652  2 57277.30632363 37.415
 266  85.698004  25.515284    41.776    41.796  3 57287.22198035 37.486
 267  85.696688  25.513481    41.690    41.676  3 57297.13763450 44.594
 268  85.695227  25.511958    41.263    41.281  3 57307.05328493 36.581
 269  85.692751  25.511271    40.436    40.436  2 57316.96893124 43.405
 270  85.691730  25.509434    39.635    39.635  2 57326.88457441 40.399
 271  85.693589  25.507397    39.889    39.819  3 57336.80021564 42.094
 272  85.692670  25.509688    39.618    39.618  2 57346.71586217 42.818
 273  85.693263  25.508241    39.769    39.628  4 57356.63150922 40.573
 274  85.693643  25.507991    39.431    39.385  3 57366.54715249 31.210
 275  85.694448  25.508035    39.224    38.973  3 57376.46279270 39.851
 276  85.694438  25.512924    39.155    39.145  3 57386.37843033 43.418
 277  85.697249  25.514078    39.101    39.012  3 57396.29406853 34.647
 278  85.700216  25.515815    38.842    38.847  3 57406.20970561 36.082
 279  85.698274  25.516207    39.058    39.019  3 57416.12535595 34.698
 280  85.696084  25.513957    38.992    38.992  3 57426.04100783 36.077
 281  85.693725  25.512434    38.928    38.856  3 57435.95665643 44.955
 282  85.693451  25.510857    39.185    39.185  2 57445.87230329 37.808
 283  85.693887  25.511453    38.706    38.685  3 57455.78794877 40.231
 284  85.694769  25.513612    38.865    38.877  3 57465.70359176 30.477
 285  85.697336  25.513577    37.156    38.593  3 57475.61923149 29.429
 286  85.697863  25.515842    38.420    38.319  3 57485.53486722 27.250
 287  85.699192  25.515911    38.454    38.379  3 57495.45050101 22.036
 288  85.702053  25.515487    37.922    37.922  2 57505.36613481 32.002
 289  85.698400  25.514571    38.173    38.223  3 57515.28179134 26.578
 290  85.696033  25.514265    38.423    38.389  4 57525.19744554 25.932
 291  85.694801  25.511995    38.358    38.388  3 57535.11309785 27.372
 292  85.692856  25.511076    38.290    38.285  3 57545.02874686 35.693
 293  85.693107  25.508153    38.389    38.459  4 57554.94439404 33.088
 294  85.692454  25.511305    39.769    39.769  2 57564.86003818 27.971
 295  85.693890  25.511633    41.620    41.620  2 57574.77568229 41.233
 296  85.694534  25.512663    44.156    44.156  2 57584.69132556 33.767
 297  85.694890  25.513085    44.988    45.082  3 57594.60696690 26.925
