-216485.020    37.338     0.00    1.58
-216197.497    36.972    -1.27    1.28
-215909.987    37.081     0.38    1.32
-215622.491    37.120     0.14    1.64
-215335.008    36.859    -0.91    1.85
-215047.539    36.683    -0.61    1.81
-214760.082    36.541    -0.49    1.92
-214472.640    36.247    -1.02    1.71
-214185.210    36.132    -0.40    1.68
-213897.794    35.995    -0.48    1.89
-213610.391    36.336     1.18    2.04
-213323.002    36.495     0.56    2.07
-213035.626    36.785     1.01    2.20
-212748.263    36.465    -1.11    2.40
-212460.914    35.920    -1.90    2.74
-212173.577    35.468    -1.57    2.95
-211886.255    34.829    -2.23    3.03
-211598.945    33.906    -3.21    3.17
-211311.649    33.188    -2.50    3.34
-211024.366    32.314    -3.04    2.92
-210737.097    31.994    -1.11    2.86
-210449.841    31.965    -0.10    2.95
-210162.598    31.720    -0.85    2.61
-209875.368    31.740     0.07    2.61
-209588.152    32.116     1.31    2.73
-209300.949    32.713     2.08    2.79
-209013.759    32.904     0.67    2.65
-208726.583    33.360     1.59    2.54
-208439.420    33.665     1.06    2.50
-208152.270    33.995     1.15    2.60
-207863.410    34.405     1.42    2.09
-207573.384    34.493     0.31    2.04
-207283.371    34.418    -0.26    1.96
-206993.372    34.815     1.37    1.96
-206703.386    34.786    -0.10    1.96
-206413.414    34.441    -1.19    1.94
-206123.455    34.120    -1.11    1.91
-205833.511    33.984    -0.47    1.81
-205543.579    33.874    -0.38    1.87
-205253.662    33.725    -0.51    1.64
-204963.757    33.586    -0.48    1.73
-204673.867    33.536    -0.17    1.49
-204383.990    33.314    -0.77    1.48
-204094.127    33.102    -0.73    1.61
-203804.277    32.923    -0.61    1.67
-203514.441    32.723    -0.69    1.63
-203224.618    32.507    -0.75    1.60
-202934.809    32.301    -0.71    1.61
-202645.013    32.143    -0.54    1.54
-202355.231    32.077    -0.23    1.65
-202065.463    32.041    -0.13    1.54
-201775.708    32.003    -0.13    1.48
-201485.966    31.935    -0.24    1.56
-201196.239    32.143     0.72    1.81
-200906.524    32.021    -0.42    1.79
-200616.824    31.725    -1.02    1.81
-200327.137    31.936     0.73    1.86
-200037.463    32.223     0.99    1.93
-199747.803    32.090    -0.46    1.87
-199458.156    32.026    -0.22    1.90
-199168.523    32.344     1.10    1.77
-198878.904    32.154    -0.66    1.76
-198589.298    32.274     0.42    1.83
-198299.705    32.232    -0.14    1.81
-198010.126    32.255     0.08    1.73
-197720.561    32.090    -0.57    1.86
-197431.009    31.740    -1.21    1.77
-197141.470    31.492    -0.86    1.85
-196851.945    31.128    -1.26    1.73
-196562.434    30.763    -1.26    1.89
-196272.936    30.283    -1.66    1.78
-195983.451    29.955    -1.13    1.55
-195693.981    29.799    -0.54    1.51
-195404.523    29.800     0.00    1.56
-195115.079    29.742    -0.20    1.58
-194825.649    29.786     0.15    1.46
-194536.232    29.736    -0.17    1.46
-194246.828    29.935     0.69    1.37
-193957.438    30.096     0.56    1.46
-193668.062    29.785    -1.08    1.80
-193378.699    29.253    -1.84    2.16
-193089.349    28.786    -1.61    2.39
-192800.013    28.602    -0.64    2.56
-192510.690    28.292    -1.07    2.68
-192221.381    28.144    -0.51    2.57
-191932.085    27.997    -0.51    2.52
-191642.803    28.143     0.50    2.69
-191353.534    28.128    -0.05    2.76
-191064.279    28.360     0.80    2.93
-190775.037    28.136    -0.77    2.93
-190485.808    28.143     0.02    2.94
-190196.593    27.858    -0.99    3.01
-189907.392    28.068     0.73    2.93
-189618.204    28.053    -0.05    3.02
-189329.029    27.639    -1.43    2.73
-189039.868    27.486    -0.53    2.70
-188750.720    27.299    -0.65    2.93
-188461.586    27.132    -0.58    2.89
-188172.465    27.096    -0.12    2.84
-187883.357    27.128     0.11    2.77
-187594.263    27.024    -0.36    2.71
-187305.182    27.139     0.40    2.70
-187016.115    27.277     0.48    2.62
-186727.061    27.413     0.47    2.45
-186438.021    27.255    -0.55    2.18
-186148.994    27.505     0.86    2.20
-185859.980    27.602     0.33    1.98
-185570.980    27.710     0.38    1.76
-185281.993    27.829     0.41    1.40
-184993.019    27.859     0.10    1.20
-184704.059    27.994     0.47    1.39
-184415.113    27.874    -0.41    1.38
-184126.180    27.844    -0.10    1.39
-183837.260    27.755    -0.31    1.46
-183548.353    27.668    -0.30    1.44
-183259.460    27.680     0.04    1.35
-182970.580    27.662    -0.06    1.28
-182681.714    27.782     0.41    1.35
-182392.861    27.827     0.15    1.38
-182104.022    27.740    -0.30    1.31
-181815.195    27.815     0.26    1.43
-181526.382    27.800    -0.05    1.35
-181237.583    28.232     1.50    2.31
-180948.797    28.874     2.22    2.92
-180660.024    29.684     2.80    3.41
-180371.265    30.767     3.75    3.69
-180082.519    31.480     2.47    3.59
-179793.786    32.456     3.38    3.21
-179505.067    33.477     3.54    2.77
-179216.361    33.919     1.53    2.18
-178927.668    34.474     1.92    2.48
-178638.989    34.708     0.81    2.57
-178350.323    34.785     0.27    2.45
-178061.670    35.059     0.95    2.43
-177773.031    35.198     0.48    2.54
-177484.405    35.113    -0.29    2.57
-177195.792    34.874    -0.83    2.69
-176907.193    34.382    -1.71    2.53
-176618.607    34.001    -1.32    2.33
-176330.034    33.738    -0.91    2.08
-176041.475    33.708    -0.11    2.11
-175752.929    33.771     0.22    2.06
-175464.396    33.920     0.51    2.11
-175175.877    34.143     0.77    2.09
-174887.371    33.874    -0.93    1.91
-174598.878    33.692    -0.63    1.76
-174310.398    33.567    -0.44    1.80
-174021.932    33.177    -1.35    1.38
-173733.479    33.083    -0.33    1.33
-173445.040    33.192     0.38    1.47
-173156.613    33.374     0.63    1.47
-172868.200    33.406     0.11    1.48
-172579.801    33.162    -0.84    1.49
-172291.414    33.100    -0.22    1.49
-172003.041    33.329     0.79    1.77
-171714.681    33.441     0.39    1.83
-171426.334    33.495     0.19    2.04
-171138.001    33.218    -0.96    2.25
-170849.681    33.084    -0.46    2.23
-170561.374    32.829    -0.89    2.30
-170273.081    32.577    -0.87    2.30
-169984.801    32.314    -0.91    2.11
-169696.534    32.028    -0.99    1.99
-169408.280    32.011    -0.06    1.82
-169120.039    31.797    -0.74    1.87
-168831.812    31.382    -1.44    1.92
-168543.598    31.435     0.18    2.22
-168255.397    30.906    -1.84    2.29
-167967.210    30.647    -0.90    2.32
-167679.036    30.102    -1.89    2.37
-167390.875    29.710    -1.36    2.28
-167102.727    29.767     0.20    2.59
-166814.593    29.516    -0.87    2.40
-166526.471    29.432    -0.29    2.31
-166238.363    29.136    -1.03    2.37
-165950.268    28.785    -1.22    2.43
-165662.187    28.948     0.57    2.53
-165374.118    28.964     0.06    2.53
-165086.063    28.859    -0.37    2.24
-164798.021    29.132     0.95    2.32
-164509.993    29.448     1.10    2.34
-164221.977    29.813     1.27    2.07
-163933.975    30.277     1.61    2.10
-163645.986    30.433     0.54    2.23
-163358.010    30.874     1.53    2.27
-163070.047    30.695    -0.62    2.67
-162782.098    30.167    -1.84    2.87
-162494.162    30.243     0.27    3.18
-162206.238    30.071    -0.60    3.12
-161918.329    29.994    -0.27    3.11
-161630.432    29.874    -0.41    3.18
-161342.548    29.441    -1.50    2.83
-161054.678    29.556     0.40    2.75
-160766.821    29.568     0.04    2.45
-160478.977    29.450    -0.41    2.38
-160191.146    28.906    -1.89    2.12
-159903.329    28.277    -2.18    2.22
-159615.524    28.301     0.08    2.59
-159327.733    27.800    -1.74    2.77
-159039.955    27.218    -2.02    3.09
-158752.190    26.794    -1.47    2.94
-158464.438    27.143     1.21    3.01
-158176.700    27.105    -0.13    2.89
-157888.974    27.329     0.78    3.04
-157601.262    27.290    -0.14    3.06
-157313.563    27.844     1.93    2.99
-157025.877    28.474     2.19    2.71
-156738.204    28.428    -0.16    2.72
-156450.544    28.814     1.34    2.76
-156162.898    29.208     1.37    2.59
-155875.264    29.602     1.37    2.45
-155587.644    30.105     1.75    2.53
-155300.037    30.352     0.86    2.23
-155012.443    30.613     0.91    2.15
-154724.862    30.723     0.38    2.16
-154437.294    30.557    -0.58    1.96
-154149.740    30.490    -0.23    2.01
-153862.198    30.541     0.18    1.97
-153574.670    30.128    -1.44    2.08
-153287.154    30.068    -0.21    2.08
-152999.652    30.043    -0.09    1.97
-152712.163    30.041    -0.01    1.98
-152424.687    29.908    -0.46    1.95
-152137.224    29.995     0.31    2.01
-151849.775    29.964    -0.11    1.84
-151562.338    30.065     0.35    1.66
-151274.915    30.208     0.49    1.97
-150987.504    30.158    -0.17    2.01
-150700.107    30.443     0.99    2.17
-150412.723    30.336    -0.37    2.19
-150125.351    30.367     0.11    2.02
-149837.993    30.495     0.45    2.25
-149550.648    30.441    -0.19    2.23
-149263.316    30.329    -0.39    2.25
-148975.998    29.677    -2.27    2.51
-148688.692    29.455    -0.77    2.53
-148401.399    29.344    -0.39    2.46
-148114.120    29.116    -0.79    2.38
-147826.853    28.647    -1.63    2.20
-147539.600    28.556    -0.32    2.04
-147252.359    27.979    -2.01    2.09
-146965.132    27.874    -0.36    2.21
-146677.918    27.842    -0.11    2.18
-146390.716    27.889     0.17    2.42
-146103.528    27.923     0.12    2.41
-145815.981    28.132     0.73    2.46
-145525.963    28.480     1.20    2.54
-145235.958    28.713     0.80    2.55
-144945.967    28.935     0.77    2.63
-144655.989    29.136     0.69    2.53
-144366.025    29.632     1.71    2.48
-144076.074    29.632     0.00    2.39
-143786.136    29.632    -0.00    2.27
-143496.212    29.536    -0.33    1.99
-143206.301    29.617     0.28    1.96
-142916.403    30.059     1.53    2.12
-142626.518    30.177     0.41    2.08
-142336.647    29.971    -0.71    2.14
-142046.789    30.024     0.18    2.08
-141756.945    29.815    -0.72    1.95
-141467.114    29.420    -1.36    1.69
-141177.296    29.228    -0.66    1.74
-140887.491    28.874    -1.22    1.54
-140597.700    28.738    -0.47    1.51
-140307.922    28.552    -0.64    1.57
-140018.158    28.480    -0.25    1.61
-139728.406    28.182    -1.03    1.55
-139438.668    27.919    -0.91    1.66
-139148.943    27.937     0.06    1.86
-138859.232    27.541    -1.37    1.89
-138569.534    27.468    -0.25    1.83
-138279.849    27.187    -0.97    1.76
-137990.177    27.009    -0.62    1.77
-137700.519    27.389     1.31    2.15
-137410.874    27.586     0.68    2.15
-137121.242    27.827     0.83    2.26
-136831.624    27.845     0.06    2.21
-136542.019    27.858     0.05    2.30
-136252.427    28.011     0.53    2.36
-135962.848    27.708    -1.05    2.17
-135673.283    27.541    -0.58    2.04
-135383.731    27.336    -0.71    1.83
-135094.192    27.028    -1.06    1.60
-134804.666    26.965    -0.22    1.38
-134515.154    27.001     0.12    1.46
-134225.655    26.980    -0.07    1.42
-133936.169    27.228     0.86    1.47
-133646.696    27.344     0.40    1.49
-133357.237    27.243    -0.35    1.54
-133067.791    27.192    -0.18    1.51
-132778.358    27.100    -0.32    1.64
-132488.938    27.232     0.46    1.59
-132199.532    27.117    -0.40    1.57
-131910.138    27.009    -0.37    1.60
-131620.758    26.859    -0.52    1.65
-131331.392    26.697    -0.56    1.73
-131042.038    26.753     0.19    1.92
-130752.698    26.100    -2.26    1.91
-130463.371    25.435    -2.30    2.21
-130174.057    25.086    -1.20    2.00
-129884.756    25.102     0.05    2.01
-129595.469    25.336     0.81    1.97
-129306.195    25.397     0.21    1.85
-129016.933    25.736     1.17    1.66
-128727.686    26.046     1.07    1.35
-128438.451    26.132     0.30    1.44
-128149.230    26.474     1.18    1.68
-127860.021    26.799     1.12    1.73
-127570.826    26.751    -0.16    1.75
-127281.644    27.026     0.95    1.93
-126992.476    26.826    -0.69    1.98
-126703.320    27.053     0.79    1.97
-126414.178    27.011    -0.15    1.90
-126125.049    26.964    -0.16    1.96
-125835.933    26.753    -0.73    2.00
-125546.830    26.609    -0.50    1.81
-125257.741    26.556    -0.18    1.70
-124968.664    26.455    -0.35    1.64
-124679.601    26.268    -0.65    1.50
-124390.551    26.268     0.00    1.46
-124101.514    26.065    -0.70    1.38
-123812.490    26.120     0.19    1.33
-123523.479    26.041    -0.28    1.30
-123234.482    25.938    -0.36    1.22
-122945.498    25.720    -0.75    1.41
-122656.526    25.617    -0.36    1.50
-122367.568    25.389    -0.79    1.46
-122078.623    25.173    -0.75    1.45
-121789.692    25.176     0.01    1.42
-121500.773    25.071    -0.36    1.38
-121211.868    24.973    -0.34    1.40
-120922.975    24.905    -0.24    1.36
-120634.096    24.889    -0.05    1.49
-120345.230    24.904     0.05    1.50
-120056.377    24.919     0.05    1.57
-119767.537    25.059     0.48    1.69
-119478.711    25.109     0.17    1.61
-119189.897    25.213     0.36    1.65
-118901.097    25.591     1.31    1.92
-118612.309    25.829     0.82    2.00
-118323.535    26.168     1.18    1.95
-118034.774    26.501     1.15    1.86
-117746.026    26.708     0.72    1.76
-117457.291    26.874     0.58    1.73
-117168.569    26.965     0.31    1.71
-116879.860    26.874    -0.31    1.66
-116591.165    26.815    -0.21    1.60
-116302.482    26.934     0.41    1.84
-116013.813    26.859    -0.26    1.73
-115725.156    27.043     0.64    1.81
-115436.513    26.938    -0.37    1.61
-115147.883    27.136     0.69    1.57
-114859.266    27.218     0.28    1.49
-114570.662    27.352     0.47    1.45
-114282.071    27.247    -0.36    1.27
-113993.493    27.480     0.81    1.61
-113704.928    27.439    -0.14    1.69
-113416.376    27.253    -0.64    1.90
-113127.837    27.081    -0.60    2.06
-112839.312    26.708    -1.29    2.15
-112550.799    26.329    -1.31    2.14
-112262.300    26.177    -0.53    2.03
-111973.813    26.162    -0.05    1.92
-111685.340    26.284     0.42    1.79
-111396.879    26.367     0.29    1.74
-111108.432    26.274    -0.32    1.75
-110819.998    26.292     0.06    1.74
-110531.577    26.413     0.42    1.71
-110243.169    26.167    -0.85    1.51
-109954.773    25.971    -0.68    1.31
-109666.391    25.965    -0.02    1.29
-109378.022    26.028     0.22    1.45
-109089.666    26.015    -0.05    1.46
-108801.323    26.053     0.13    1.47
-108512.993    25.950    -0.36    1.42
-108224.676    25.753    -0.68    1.49
-107936.372    25.718    -0.12    1.42
-107648.081    25.829     0.38    1.59
-107359.803    25.681    -0.51    1.58
-107071.538    25.495    -0.64    1.51
-106783.286    25.299    -0.68    1.27
-106495.048    25.337     0.13    1.22
-106206.822    25.367     0.10    1.30
-105918.609    25.374     0.03    1.58
-105630.409    25.708     1.16    1.76
-105342.222    25.842     0.47    1.90
-105054.048    26.071     0.80    1.80
-104765.887    26.243     0.60    1.78
-104477.739    26.374     0.45    1.58
-104189.604    26.243    -0.45    1.52
-103901.482    26.041    -0.70    1.40
-103613.373    26.100     0.21    1.31
-103325.277    26.136     0.12    1.34
-103037.194    26.232     0.34    1.41
-102749.124    26.218    -0.05    1.29
-102461.067    26.307     0.31    1.29
-102173.023    26.359     0.18    1.30
-101884.992    26.132    -0.79    1.28
-101596.974    26.022    -0.38    1.30
-101308.969    25.905    -0.41    1.33
-101020.976    25.725    -0.63    1.32
-100732.997    25.551    -0.61    1.33
-100445.031    25.352    -0.69    1.28
-100157.077    25.053    -1.04    1.39
 -99869.137    25.081     0.09    1.35
 -99581.210    24.890    -0.66    1.33
 -99293.295    24.647    -0.84    1.17
 -99005.393    24.602    -0.16    1.20
 -98717.505    24.845     0.85    1.23
 -98429.629    24.874     0.10    1.28
 -98141.766    24.965     0.32    1.29
 -97853.916    24.958    -0.03    1.37
 -97566.079    25.068     0.38    1.42
 -97278.255    25.090     0.07    1.42
 -96990.444    24.905    -0.64    1.46
 -96702.646    24.936     0.11    1.59
 -96414.861    24.979     0.15    1.68
 -96127.089    24.906    -0.25    1.66
 -95839.329    24.573    -1.16    1.58
 -95551.583    24.541    -0.11    1.46
 -95263.849    24.335    -0.72    1.56
 -94976.129    24.117    -0.76    1.53
 -94688.421    23.767    -1.22    1.56
 -94400.726    23.495    -0.94    1.43
 -94113.044    23.151    -1.20    1.40
 -93825.375    22.814    -1.17    1.32
 -93537.719    22.810    -0.01    1.52
 -93250.075    22.980     0.59    1.62
 -92962.445    23.192     0.74    1.63
 -92674.827    23.315     0.43    1.72
 -92387.223    23.450     0.47    1.74
 -92099.631    23.874     1.48    1.62
 -91812.052    24.086     0.74    1.49
 -91524.486    24.245     0.55    1.62
 -91236.933    24.389     0.50    1.61
 -90949.393    24.277    -0.39    1.57
 -90661.865    24.448     0.59    1.58
 -90374.351    24.367    -0.28    1.55
 -90086.849    24.162    -0.71    1.61
 -89799.361    23.938    -0.78    1.63
 -89511.885    23.705    -0.81    1.67
 -89224.422    23.515    -0.66    1.76
 -88936.971    23.162    -1.23    1.66
 -88649.534    23.154    -0.03    1.65
 -88362.110    23.292     0.48    1.61
 -88074.698    23.158    -0.47    1.54
 -87787.299    22.891    -0.93    1.37
 -87499.913    22.738    -0.53    1.53
 -87212.540    22.428    -1.08    1.31
 -86925.180    22.238    -0.66    1.17
 -86637.832    22.013    -0.78    0.93
 -86350.498    21.965    -0.17    0.97
 -86063.176    22.062     0.34    0.99
 -85775.867    22.197     0.47    1.19
 -85488.571    22.389     0.67    1.15
 -85201.287    22.398     0.03    1.19
 -84914.017    22.490     0.32    1.21
 -84626.759    22.536     0.16    1.38
 -84339.514    22.617     0.28    1.44
 -84052.282    22.490    -0.44    1.43
 -83765.063    22.374    -0.40    1.47
 -83475.972    22.342    -0.11    1.45
 -83185.982    22.247    -0.33    1.40
 -82896.005    22.511     0.91    1.51
 -82606.042    22.405    -0.37    1.38
 -82316.091    22.499     0.33    1.51
 -82026.154    22.761     0.90    1.46
 -81736.229    22.753    -0.03    1.45
 -81446.318    22.632    -0.42    1.45
 -81156.419    22.586    -0.16    1.41
 -80866.534    22.505    -0.28    1.40
 -80576.662    22.283    -0.76    1.38
 -80286.803    22.105    -0.62    1.31
 -79996.957    22.117     0.04    1.29
 -79707.124    22.100    -0.06    1.46
 -79417.304    22.098    -0.01    1.58
 -79127.497    22.117     0.06    1.60
 -78837.704    22.117     0.00    1.57
 -78547.923    22.367     0.86    1.64
 -78258.155    22.165    -0.70    1.48
 -77968.401    22.208     0.15    1.34
 -77678.659    22.100    -0.37    1.30
 -77388.931    22.026    -0.26    1.34
 -77099.215    21.936    -0.31    1.34
 -76809.513    21.964     0.10    1.42
 -76519.823    21.905    -0.20    1.37
 -76230.147    21.950     0.16    1.36
 -75940.484    21.811    -0.48    1.31
 -75650.833    21.905     0.32    1.41
 -75361.196    21.753    -0.52    1.45
 -75071.572    21.650    -0.35    1.42
 -74781.961    21.428    -0.77    1.39
 -74492.362    21.423    -0.02    1.40
 -74202.777    21.374    -0.17    1.29
 -73913.205    21.229    -0.50    1.20
 -73623.646    20.980    -0.86    0.98
 -73334.100    20.980     0.00    1.02
 -73044.567    20.829    -0.52    1.25
 -72755.046    20.751    -0.27    1.31
 -72465.539    20.643    -0.37    1.48
 -72176.045    20.462    -0.63    1.55
 -71886.564    20.541     0.27    1.52
 -71597.096    20.389    -0.52    1.49
 -71307.641    20.337    -0.18    1.52
 -71018.199    20.156    -0.63    1.36
 -70728.769    19.922    -0.81    1.37
 -70439.353    19.692    -0.79    1.55
 -70149.950    19.487    -0.71    1.56
 -69860.560    19.435    -0.18    1.73
 -69571.183    19.359    -0.26    1.71
 -69281.818    19.412     0.18    1.64
 -68992.467    19.613     0.70    1.51
 -68703.129    19.951     1.17    1.58
 -68413.803    20.001     0.17    1.57
 -68124.491    19.921    -0.28    1.76
 -67835.192    20.124     0.70    2.09
 -67545.905    20.147     0.08    2.24
 -67256.632    20.117    -0.10    2.20
 -66967.371    20.124     0.03    1.99
 -66678.123    19.783    -1.18    2.21
 -66388.889    19.758    -0.09    2.42
 -66099.667    19.011    -2.58    3.04
 -65810.458    18.218    -2.74    3.25
 -65521.262    17.771    -1.54    3.42
 -65232.080    17.314    -1.58    3.68
 -64942.910    17.120    -0.67    3.70
 -64653.753    16.827    -1.01    3.42
 -64364.608    16.843     0.05    3.11
 -64075.477    16.951     0.37    2.96
 -63786.359    16.799    -0.53    2.89
 -63497.254    16.920     0.42    2.54
 -63208.161    17.305     1.33    2.06
 -62919.082    17.389     0.29    2.11
 -62630.015    17.591     0.70    2.26
 -62340.962    17.936     1.19    2.42
 -62051.921    18.412     1.65    2.29
 -61762.893    18.742     1.14    1.99
 -61473.878    18.934     0.66    1.73
 -61184.876    18.662    -0.94    1.99
 -60895.887    18.062    -2.08    2.54
 -60606.911    16.795    -4.38    3.13
 -60317.948    15.591    -4.17    3.59
 -60028.997    14.602    -3.42    3.35
 -59740.060    13.860    -2.57    2.93
 -59451.135    13.501    -1.24    2.99
 -59162.223    13.495    -0.02    3.13
 -58873.325    14.724     4.25    3.36
 -58584.439    15.905     4.09    3.34
 -58295.565    17.262     4.70    3.19
 -58006.705    18.124     2.98    2.66
 -57717.858    18.632     1.76    2.16
 -57429.023    18.526    -0.37    2.09
 -57140.202    18.062    -1.61    2.39
 -56851.393    17.573    -1.69    2.36
 -56562.597    17.556    -0.06    2.19
 -56273.814    17.829     0.95    2.36
 -55985.044    18.036     0.72    2.39
 -55696.287    18.322     0.99    2.35
 -55407.542    18.465     0.50    2.56
 -55118.811    18.574     0.38    2.90
 -54830.092    18.420    -0.54    3.24
 -54541.386    18.718     1.03    2.96
 -54252.693    18.505    -0.74    2.53
 -53964.013    18.314    -0.66    2.91
 -53675.345    17.609    -2.44    3.60
 -53386.691    16.671    -3.25    4.08
 -53098.049    16.033    -2.21    4.18
 -52809.420    15.874    -0.55    3.93
 -52520.804    15.397    -1.65    3.87
 -52232.201    15.232    -0.57    3.88
 -51943.611    15.117    -0.40    3.95
 -51655.033    15.435     1.10    3.67
 -51366.468    15.907     1.63    3.74
 -51077.916    16.389     1.67    3.78
 -50789.377    16.794     1.40    4.04
 -50500.851    17.515     2.50    3.76
 -50212.338    18.420     3.14    3.13
 -49923.837    19.238     2.84    2.66
 -49635.349    19.705     1.62    2.21
 -49346.874    19.890     0.64    1.70
 -49058.412    20.132     0.84    1.74
 -48769.962    20.096    -0.12    1.89
 -48481.526    20.102     0.02    1.84
 -48193.102    20.167     0.23    1.70
 -47904.691    20.374     0.72    1.68
 -47616.292    20.243    -0.45    1.58
 -47327.907    20.147    -0.33    1.35
 -47039.534    19.939    -0.72    1.19
 -46751.174    19.800    -0.48    1.21
 -46462.827    19.767    -0.11    1.20
 -46174.492    19.723    -0.15    1.26
 -45886.171    19.609    -0.40    1.34
 -45597.862    19.439    -0.59    1.36
 -45309.566    19.329    -0.38    1.36
 -45021.282    19.374     0.16    1.46
 -44733.012    19.028    -1.20    1.53
 -44444.754    18.753    -0.95    1.31
 -44156.509    18.680    -0.25    1.34
 -43868.277    18.680     0.00    1.33
 -43580.057    18.843     0.57    1.31
 -43291.850    18.956     0.39    1.28
 -43003.656    19.120     0.57    1.28
 -42715.475    19.167     0.16    1.14
 -42427.306    19.305     0.48    1.09
 -42139.151    19.314     0.03    1.10
 -41851.008    19.312    -0.01    1.15
 -41562.877    19.320     0.03    1.13
 -41274.760    19.407     0.30    1.22
 -40986.655    19.320    -0.30    1.23
 -40698.563    18.919    -1.39    1.33
 -40410.483    18.546    -1.30    1.41
 -40122.416    18.247    -1.04    1.43
 -39834.362    17.814    -1.51    1.38
 -39546.321    17.471    -1.19    1.23
 -39258.293    17.329    -0.49    1.17
 -38970.277    17.128    -0.70    1.47
 -38682.274    17.305     0.61    1.71
 -38394.283    17.110    -0.68    1.78
 -38106.306    17.011    -0.34    1.86
 -37818.341    16.829    -0.63    1.84
 -37530.388    16.573    -0.89    1.60
 -37242.449    16.420    -0.53    1.71
 -36954.522    16.187    -0.81    1.67
 -36666.607    15.965    -0.77    1.65
 -36378.706    16.090     0.43    1.62
 -36090.817    16.086    -0.01    1.76
 -35802.941    16.234     0.51    1.65
 -35515.077    16.405     0.59    1.60
 -35227.227    16.648     0.85    1.56
 -34939.389    16.665     0.06    1.44
 -34651.563    16.723     0.20    1.46
 -34363.750    16.632    -0.32    1.36
 -34075.950    16.515    -0.41    1.26
 -33788.163    16.665     0.52    1.34
 -33500.388    16.814     0.52    1.42
 -33212.626    16.874     0.21    1.39
 -32924.877    17.374     1.74    1.57
 -32637.140    17.501     0.44    1.67
 -32349.416    17.755     0.88    1.59
 -32061.704    18.053     1.04    1.63
 -31774.006    18.243     0.66    1.57
 -31486.319    18.439     0.68    1.56
 -31198.646    18.490     0.18    1.51
 -30910.985    18.624     0.47    1.52
 -30623.337    19.026     1.40    1.76
 -30335.701    19.071     0.16    1.79
 -30048.078    18.874    -0.68    1.84
 -29760.468    18.859    -0.05    1.80
 -29472.870    18.826    -0.11    1.96
 -29185.285    18.511    -1.10    1.97
 -28897.713    18.359    -0.53    1.99
 -28610.153    18.110    -0.87    1.76
 -28322.606    17.980    -0.45    1.82
 -28035.072    18.086     0.37    1.74
 -27747.550    18.148     0.22    1.63
 -27460.040    18.480     1.15    1.72
 -27172.544    18.745     0.92    1.78
 -26885.060    18.890     0.50    1.75
 -26597.588    19.283     1.37    1.65
 -26310.129    19.259    -0.09    1.53
 -26022.683    19.351     0.32    1.59
 -25735.249    18.971    -1.32    1.63
 -25447.828    18.723    -0.86    1.55
 -25160.420    18.439    -0.99    1.35
 -24873.024    18.314    -0.44    1.37
 -24585.641    18.228    -0.30    1.26
 -24298.270    18.277     0.17    1.31
 -24010.912    18.253    -0.08    1.27
 -23723.566    18.628     1.31    1.50
 -23436.233    18.519    -0.38    1.63
 -23148.913    18.397    -0.42    1.81
 -22861.605    18.171    -0.79    1.96
 -22574.310    17.905    -0.93    2.13
 -22287.027    17.628    -0.96    2.14
 -21999.757    17.336    -1.02    2.23
 -21712.500    16.751    -2.04    2.07
 -21424.649    16.497    -0.88    1.86
 -21134.660    16.296    -0.69    1.75
 -20844.684    15.889    -1.40    1.94
 -20554.721    15.283    -2.09    2.51
 -20264.771    14.904    -1.31    2.37
 -19974.833    14.905     0.00    2.32
 -19684.909    14.743    -0.56    2.43
 -19394.997    14.613    -0.45    2.65
 -19105.098    14.452    -0.55    2.85
 -18815.212    14.602     0.51    3.24
 -18525.338    14.526    -0.26    3.41
 -18235.478    14.249    -0.95    3.76
 -17945.630    14.120    -0.44    3.96
 -17655.795    14.519     1.38    3.88
 -17365.973    14.382    -0.47    4.02
 -17076.163    14.352    -0.10    3.82
 -16786.367    14.299    -0.18    3.93
 -16496.583    14.397     0.34    3.73
 -16206.812    14.643     0.85    3.38
 -15917.054    14.481    -0.56    3.20
 -15627.309    13.905    -1.99    3.23
 -15337.576    12.982    -3.19    3.14
 -15047.857    12.259    -2.50    3.42
 -14758.150    12.213    -0.16    3.18
 -14468.456    12.551     1.17    3.61
 -14178.774    12.628     0.27    3.62
 -13889.106    12.843     0.74    3.69
 -13599.450    13.556     2.46    3.29
 -13309.807    14.158     2.08    3.07
 -13020.177    14.565     1.41    2.85
 -12730.559    14.606     0.14    2.87
 -12440.954    15.086     1.66    2.56
 -12151.362    15.841     2.61    2.34
 -11861.783    15.951     0.38    2.29
 -11572.217    15.797    -0.53    2.24
 -11282.663    16.011     0.74    2.53
 -10993.122    16.147     0.47    2.56
 -10703.594    16.705     1.93    2.95
 -10414.079    16.874     0.58    3.01
 -10124.576    17.128     0.88    2.96
  -9835.086    17.541     1.43    2.76
  -9545.609    18.102     1.94    2.59
  -9256.145    18.168     0.23    2.23
  -8966.693    18.203     0.12    2.26
  -8677.254    18.013    -0.66    1.94
  -8387.828    18.224     0.73    1.93
  -8098.414    18.102    -0.42    2.01
  -7809.013    18.011    -0.31    1.79
  -7519.625    17.770    -0.83    1.78
  -7230.250    17.708    -0.21    1.81
  -6940.887    17.591    -0.40    1.75
  -6651.538    17.382    -0.72    1.81
  -6362.200    17.465     0.29    1.75
  -6072.876    17.597     0.46    1.80
  -5783.564    17.674     0.27    1.88
  -5494.265    17.662    -0.04    1.84
  -5204.979    17.546    -0.40    1.84
  -4915.705    17.367    -0.62    1.86
  -4626.445    16.958    -1.41    1.99
  -4337.196    16.259    -2.42    2.40
  -4047.961    15.843    -1.44    2.36
  -3758.738    15.367    -1.65    2.33
  -3469.528    15.102    -0.92    2.29
  -3180.330    14.567    -1.85    2.53
  -2891.146    13.955    -2.12    2.57
  -2601.974    13.541    -1.43    2.67
  -2312.814    13.148    -1.36    2.46
  -2023.668    12.705    -1.53    2.04
  -1734.534    12.208    -1.72    2.35
  -1445.412    10.859    -4.66    3.75
  -1156.304     9.283    -5.45    5.02
   -867.208     7.261    -6.99    5.70
   -578.124     5.056    -7.63    5.89
   -289.054     2.982    -7.18    5.32
      0.004     2.692    -1.00    5.27
    289.050     3.936     4.30    6.11
    578.082     5.950     6.97    6.87
    867.103     8.568     9.06    7.10
   1156.110    11.420     9.87    6.79
   1445.105    13.923     8.66    5.38
   1734.087    16.312     8.27    3.21
   2023.056    17.329     3.52    3.12
   2312.013    18.071     2.57    2.39
   2600.957    18.320     0.86    2.17
   2889.889    18.052    -0.93    2.21
   3178.807    17.889    -0.56    2.17
   3467.714    17.525    -1.26    2.21
   3756.607    16.889    -2.20    1.74
   4045.488    16.659    -0.80    1.82
   4334.357    16.405    -0.88    1.87
   4623.212    16.490     0.29    1.80
   4912.056    16.465    -0.08    1.58
   5200.886    16.439    -0.09    1.51
   5489.704    16.336    -0.36    1.47
   5778.509    16.299    -0.13    1.41
   6067.302    16.674     1.30    1.37
   6356.082    16.782     0.37    1.53
   6644.849    17.017     0.81    1.59
   6933.604    17.147     0.45    1.58
   7222.346    17.213     0.23    1.66
   7511.076    17.734     1.80    1.47
   7799.793    17.967     0.81    1.52
   8088.498    18.305     1.17    1.66
   8377.189    18.843     1.87    1.69
   8665.869    19.177     1.16    1.86
   8954.535    19.774     2.07    1.90
   9243.189    20.074     1.04    1.92
   9531.831    20.277     0.70    1.92
   9820.460    20.565     1.00    1.88
  10109.076    20.662     0.34    1.93
  10397.680    20.767     0.36    1.92
  10686.271    21.065     1.03    2.00
  10974.850    21.144     0.28    1.82
  11263.416    21.320     0.61    1.75
  11551.970    21.450     0.45    1.68
  11840.510    21.643     0.67    1.68
  12129.039    24.274     9.12   10.35
  12417.555    27.290    10.45   13.39
  12706.058    28.124     2.89   13.73
  12994.549    27.708    -1.44   13.23
  13283.027    27.397    -1.08   13.06
  13571.492    27.337    -0.21   13.08
  13859.946    26.617    -2.50   13.20
  14148.386    24.173    -8.47    9.10
  14436.814    21.729    -8.47    1.59
  14725.230    21.844     0.40    1.66
  15013.632    22.160     1.10    1.76
  15302.023    22.495     1.16    1.74
  15590.401    22.783     1.00    1.73
  15878.766    23.162     1.31    1.80
  16167.119    23.767     2.10    1.77
  16455.459    23.989     0.77    1.76
  16743.787    24.314     1.13    1.87
  17032.102    24.674     1.25    1.93
  17320.405    25.345     2.33    3.02
  17608.695    26.751     4.88    4.64
  17896.973    27.495     2.58    4.79
  18185.238    28.213     2.49    5.06
  18473.491    28.995     2.71    5.11
  18761.731    29.390     1.37    5.18
  19049.958    29.674     0.98    4.87
  19338.174    29.382    -1.01    3.95
  19626.376    29.314    -0.24    3.47
  19914.566    29.167    -0.51    3.70
  20202.744    28.745    -1.46    2.60
  20490.909    28.829     0.29    2.40
  20779.062    28.843     0.05    1.99
  21067.202    29.238     1.37    2.21
  21355.330    29.813     2.00    2.46
  21643.445    30.980     4.05    3.66
  21931.548    32.105     3.90    5.38
  22219.638    34.443     8.12   10.57
  22507.716    34.284    -0.55    9.83
  22795.782    34.935     2.26    9.37
  23083.835    35.011     0.26    7.07
  23371.875    35.117     0.37    4.24
  23659.903    35.582     1.62    3.03
  23947.918    37.140     5.41    3.46
  24235.922    39.140     6.94    6.00
  24523.912    42.303    10.98    9.14
  24811.890    46.859    15.82   15.70
  25099.856    53.980    24.73   23.67
  25387.809    59.486    19.12   25.13
  25675.750    64.934    18.92   24.78
  25963.678    73.406    29.42   25.32
  26251.594    81.574    28.37   26.41
  26539.498    88.541    24.20   27.75
  26827.389    96.071    26.16   30.94
  27115.267    97.740     5.80   31.97
  27403.134   105.223    25.99   33.67
  27690.987   115.351    35.19   36.11
  27978.829   127.858    43.45   36.91
  28266.657   142.132    49.59   34.34
  28554.474   154.763    43.89   30.61
  28842.278   165.343    36.76   26.53
  29130.070   175.751    36.16   19.73
  29417.849   182.586    23.75   16.29
  29705.616   186.367    13.14   14.64
  29993.370   187.955     5.52   13.33
  30281.112   189.950     6.93   14.67
  30568.842   190.452     1.75   16.63
  30856.559   189.874    -2.01   17.78
  31144.263   186.151   -12.94   17.50
  31431.956   183.090   -10.64   16.04
  31719.636   183.124     0.12   15.00
  32007.303   185.299     7.56   13.90
  32294.959   190.261    17.25   18.27
  32582.601   200.647    36.11   24.99
  32870.232   208.736    28.12   23.78
  33157.850   215.995    25.24   20.96
  33445.455   221.367    18.67   16.09
  33733.049   222.906     5.35   13.20
  34020.630   223.965     3.68   12.61
  34308.198   222.036    -6.71   12.74
  34595.754   221.208    -2.88   13.63
  34883.298   219.501    -5.93   14.27
  35170.829   219.026    -1.65   14.68
  35458.348   215.979   -10.60   15.98
  35745.855   210.905   -17.65   17.07
  36033.349   204.774   -21.32   16.34
  36320.831   198.011   -23.53   13.59
  36608.301   191.687   -22.00   10.48
  36895.758   186.767   -17.12    8.16
  37183.203   184.283    -8.64    6.02
  37470.636   184.109    -0.61    7.37
  37758.056   184.648     1.88    8.88
  38045.464   186.922     7.91    9.84
  38332.859   189.028     7.33   10.24
  38620.242   191.718     9.36   10.52
  38907.613   194.382     9.27   10.03
  39194.972   197.162     9.67    9.34
  39482.318   199.314     7.49    8.29
  39769.652   202.407    10.76    9.24
  40056.973   204.609     7.66   10.00
  40344.283   207.324     9.45   10.05
  40631.579   210.768    11.99    8.95
  40920.956   213.041     7.85    7.77
  41210.915   215.043     6.91    6.62
  41500.861   216.274     4.24    5.99
  41790.794   217.197     3.18    5.43
  42080.715   217.636     1.51    4.83
  42370.623   217.437    -0.69    5.03
  42660.519   216.723    -2.46    5.17
  42950.402   216.147    -1.99    5.66
  43240.273   214.952    -4.12    5.50
  43530.131   213.745    -4.16    4.56
  43819.977   213.844     0.34    4.58
  44109.810   214.455     2.11    4.51
  44399.630   216.314     6.41    5.11
  44689.438   219.043     9.42    5.79
  44979.233   222.026    10.29    6.66
  45269.016   224.813     9.62    7.11
  45558.786   228.495    12.71    6.33
  45848.544   231.616    10.77    5.84
  46138.289   234.374     9.52    5.54
  46428.021   236.690     7.99    4.65
  46717.741   238.397     5.89    3.84
  47007.449   239.359     3.32    3.29
  47297.144   239.541     0.63    3.16
  47586.826   238.783    -2.62    3.57
  47876.496   237.826    -3.31    3.75
  48166.153   236.781    -3.61    4.01
  48455.798   235.551    -4.24    4.15
  48745.430   234.656    -3.09    3.99
  49035.050   233.765    -3.08    4.12
  49324.657   233.259    -1.75    4.28
  49614.252   232.474    -2.71    4.22
  49903.834   231.435    -3.59    4.11
  50193.404   230.420    -3.51    4.07
  50482.961   229.262    -4.00    4.20
  50772.506   227.982    -4.42    3.85
  51062.038   226.197    -6.16    3.76
  51351.558   225.604    -2.05    3.53
  51641.065   224.890    -2.47    3.16
  51930.560   224.413    -1.65    2.92
  52220.042   223.662    -2.59    2.99
  52509.512   223.551    -0.38    3.03
  52798.969   223.684     0.46    2.93
  53088.414   224.632     3.28    3.88
  53377.846   224.858     0.78    4.26
  53667.266   226.613     6.06    5.25
  53956.673   228.768     7.45    5.71
  54246.068   231.322     8.82    5.71
  54535.451   233.874     8.82    5.59
  54824.820   236.320     8.45    5.33
  55114.178   238.224     6.58    5.31
  55403.523   240.397     7.51    5.12
  55692.855   241.979     5.47    4.38
  55982.175   243.844     6.45    4.18
  56271.483   245.677     6.34    4.29
  56560.778   247.593     6.62    4.30
  56850.061   248.938     4.65    4.08
  57139.331   250.636     5.87    3.98
  57428.589   252.367     5.98    4.04
  57717.834   253.797     4.95    3.45
  58007.067   254.374     1.99    2.92
  58296.287   254.951     1.99    2.46
  58585.495   255.192     0.83    2.31
  58874.691   255.074    -0.41    2.36
  59163.874   254.613    -1.60    2.07
  59453.045   254.412    -0.70    1.96
  59742.203   254.480     0.24    1.91
  60031.349   254.635     0.54    1.83
  60320.482   254.843     0.72    1.67
  60609.603   255.137     1.02    1.62
  60898.712   255.567     1.49    1.69
  61187.808   255.937     1.28    1.74
  61476.892   256.613     2.34    1.66
  61765.963   256.936     1.12    1.72
  62055.022   257.171     0.81    1.85
  62344.068   257.624     1.57    2.11
  62633.103   257.906     0.97    2.04
  62922.124   258.117     0.73    1.91
  63211.134   258.511     1.36    1.90
  63500.130   258.977     1.61    1.90
  63789.115   259.710     2.54    1.87
  64078.087   260.452     2.57    1.90
  64367.047   261.241     2.73    1.90
  64655.994   261.813     1.98    2.09
  64944.929   262.213     1.38    2.08
  65233.852   262.556     1.19    2.06
  65522.762   262.632     0.26    1.82
  65811.659   262.797     0.57    1.84
  66100.545   262.874     0.27    1.70
  66389.418   262.950     0.26    1.71
  66678.279   263.003     0.18    1.72
  66967.127   262.671    -1.15    2.03
  67255.963   261.723    -3.28    2.82
  67544.786   261.305    -1.45    2.94
  67833.598   261.117    -0.65    3.37
  68122.396   261.374     0.89    3.41
  68411.183   261.647     0.94    3.59
  68699.957   263.015     4.74    3.75
  68988.719   264.268     4.34    3.51
  69277.468   266.059     6.20    2.82
  69566.205   267.253     4.14    2.77
  69854.930   268.261     3.49    2.50
  70143.642   269.389     3.91    2.62
  70432.342   270.455     3.69    2.64
  70721.030   271.243     2.73    2.69
  71009.706   271.965     2.50    2.56
  71298.369   272.734     2.66    3.50
  71587.019   272.749     0.05    3.97
  71875.658   272.702    -0.16    4.42
  72164.284   273.414     2.47    6.21
  72452.897   276.509    10.72    9.84
  72741.499   281.390    16.91   15.10
  73030.088   287.320    20.55   17.90
  73318.665   291.609    14.86   17.72
  73607.229   294.001     8.29   16.14
  73895.781   295.465     5.07   14.26
  74184.321   296.165     2.42   14.00
  74472.849   294.723    -5.00   14.38
  74761.364   292.173    -8.84   13.15
  75049.867   289.113   -10.60   12.03
  75338.357   287.738    -4.77   10.93
  75626.836   286.671    -3.70    9.34
  75915.302   286.497    -0.60    7.30
  76203.755   286.890     1.36    5.24
  76492.197   291.086    14.55   12.10
  76780.626   296.435    18.54   17.55
  77069.043   303.628    24.94   22.19
  77357.447   313.525    34.31   28.86
  77645.840   328.187    50.84   38.13
  77934.220   340.763    43.61   41.28
  78222.587   355.635    51.57   44.23
  78510.943   376.305    71.68   52.88
  78799.286   402.786    91.83   60.48
  79087.617   426.412    81.93   62.46
  79375.936   453.718    94.70   54.39
  79664.242   473.974    70.26   46.64
  79952.536   486.567    43.68   34.26
  80240.818   495.299    30.29   27.37
  80529.088   498.038     9.50   24.36
  80817.345   500.586     8.84   22.76
  81105.590   486.813   -47.78   41.44
  81393.823   458.294   -98.94   67.83
  81682.043   415.662  -147.90  100.68
  81970.252   367.374  -167.53  120.68
  82258.448   300.843  -230.84  123.21
  82546.632   251.296  -171.92  107.57
  82834.803   210.182  -142.66   74.11
  83122.963   189.567   -71.54   47.27
  83411.110   182.132   -25.80   32.46
  83699.245   179.799    -8.10   28.01
  83987.368   176.065   -12.96   35.00
  84275.478   170.812   -18.23   40.53
  84563.576   162.213   -29.85   44.37
  84851.662   146.359   -55.03   45.12
  85139.736   132.296   -48.81   39.43
  85427.798   116.577   -54.56   26.69
  85715.847   107.758   -30.62   21.18
  86003.884   101.920   -20.26   20.67
  86291.909    95.420   -22.57   14.07
  86579.922    91.314   -14.26    5.58
  86867.922    91.013    -1.04    5.45
  87155.911    92.890     6.52    7.36
  87443.887    96.374    12.10   10.99
  87731.851   101.296    17.09   12.37
  88019.802   108.687    25.66   17.10
  88307.742   116.767    28.06   17.75
  88595.669   124.567    27.09   19.73
  88883.584   131.671    24.67   20.48
  89171.487   141.782    35.12   24.55
  89459.378   152.481    37.16   29.73
  89747.257   161.437    31.11   31.20
  90035.123   172.770    39.37   33.56
  90322.977   179.708    24.10   32.49
  90610.819   179.934     0.79   31.43
  90898.649   178.738    -4.16   30.87
  91186.467   169.008   -33.80   28.85
  91474.273   160.997   -27.83   25.73
  91762.066   153.906   -24.64   20.81
  92049.847   147.413   -22.56    4.04
  92337.616   147.274    -0.48    3.83
  92625.373   147.700     1.48    4.05
  92913.118   148.430     2.54    4.24
  93200.851   148.065    -1.27    4.52
  93488.571   147.366    -2.43    5.32
  93776.279   146.187    -4.10    6.10
  94063.975   147.624     5.00   10.11
  94351.659   149.253     5.66   13.78
  94639.331   149.562     1.07   13.80
  94926.991   151.616     7.14   13.91
  95214.638   154.177     8.90   12.99
  95502.274   156.116     6.74   12.71
  95789.897   158.238     7.38   11.90
  96077.508   158.813     2.00    9.20
  96365.107   160.053     4.31    8.02
  96652.694   161.768     5.96    7.69
  96940.269   163.028     4.38    7.63
  97227.832   164.224     4.16    6.72
  97515.382   165.567     4.67    6.26
  97802.921   166.556     3.44    5.67
  98090.447   167.541     3.43    5.83
  98377.961   168.782     4.32    6.42
  98665.463   171.151     8.24    7.22
  98952.953   173.462     8.04    6.79
  99240.431   175.350     6.57    6.82
  99527.897   176.967     5.62    6.70
  99815.351   180.920    13.75    8.71
 100102.792   183.920    10.44    9.27
 100390.222   186.647     9.49    9.39
 100677.639   189.814    11.02    8.64
 100965.045   192.408     9.02    7.95
 101252.438   193.367     3.34    7.08
 101539.819   194.459     3.80    6.57
 101827.188   195.117     2.29    7.79
 102114.545   196.859     6.06    8.51
 102401.890   199.223     8.23    9.00
 102689.223   202.477    11.33    8.72
 102977.437   207.344    16.88   11.92
 103267.389   213.197    20.18   14.47
 103557.328   218.937    19.80   17.05
 103847.255   226.136    24.83   19.00
 104137.170   232.305    21.28   17.86
 104427.072   238.234    20.45   16.04
 104716.962   247.096    30.57   18.48
 105006.840   251.281    14.43   16.56
 105296.705   254.954    12.67   15.30
 105586.558   255.874     3.18   14.16
 105876.399   258.428     8.81   12.82
 106166.227   259.656     4.23   13.91
 106456.043   259.407    -0.86   13.40
 106745.847   257.995    -4.87   14.32
 107035.639   257.455    -1.87   13.98
 107325.418   253.995   -11.94   14.94
 107615.185   248.551   -18.79   15.60
 107904.939   242.299   -21.58   14.54
 108194.682   237.296   -17.26   15.65
 108484.412   230.192   -24.52   13.13
 108774.130   226.019   -14.40   12.06
 109063.835   222.828   -11.01   10.91
 109353.528   220.505    -8.02    9.33
 109643.209   219.105    -4.83   10.79
 109932.878   219.640     1.85   11.87
 110222.534   217.747    -6.53   11.42
 110512.178   215.509    -7.73   13.11
 110801.810   211.684   -13.21   13.22
 111091.430   207.609   -14.07   13.46
 111381.037   203.597   -13.85   12.20
 111670.632   199.531   -14.04    7.99
 111960.215   197.213    -8.00    4.86
 112249.786   196.086    -3.89    3.37
 112539.344   195.794    -1.01    3.06
 112828.890   195.723    -0.24    2.90
 113118.424   195.643    -0.27    2.88
 113407.945   195.041    -2.08    3.15
 113697.455   194.687    -1.22    3.15
 113986.952   194.336    -1.21    3.03
 114276.437   194.530     0.67    3.43
 114565.909   195.632     3.81    4.28
 114855.370   197.136     5.20    5.07
 115144.818   199.511     8.20    5.16
 115434.254   201.813     7.95    5.90
 115723.677   204.327     8.69    5.46
 116013.089   206.374     7.07    5.06
 116302.488   208.697     8.02    4.63
 116591.875   210.312     5.58    4.69
 116881.250   211.243     3.22    4.46
 117170.612   212.171     3.21    4.50
 117459.963   213.366     4.13    4.51
 117749.301   214.511     3.95    4.66
 118038.627   215.568     3.65    4.27
 118327.940   216.428     2.97    4.21
 118617.242   217.177     2.59    4.14
 118906.531   218.541     4.71    3.82
 119195.808   220.113     5.43    3.98
 119485.073   222.043     6.67    4.20
 119774.326   223.274     4.25    4.16
 120063.567   225.218     6.72    4.83
 120352.795   227.173     6.76    5.30
 120642.011   230.056     9.97    6.66
 120931.215   232.208     7.44    7.60
 121220.407   237.617    18.70   16.33
 121509.586   240.922    11.43   16.99
 121798.754   246.319    18.66   20.23
 122087.909   246.171    -0.51   15.68
 122377.052   249.320    10.89   15.24
 122666.183   249.582     0.90   11.03
 122955.302   254.187    15.93   10.73
 123244.408   259.043    16.80   14.03
 123533.503   264.251    18.01   14.90
 123822.585   268.690    15.35   15.80
 124111.655   275.516    23.61   15.88
 124400.713   280.950    18.80   15.84
 124689.759   284.844    13.47   16.15
 124978.793   287.081     7.74   16.72
 125267.814   286.591    -1.69   16.54
 125556.823   286.336    -0.88   16.08
 125845.821   284.814    -5.27   14.60
 126134.806   284.889     0.26   12.33
 126423.778   284.071    -2.83   10.06
 126712.739   284.613     1.87    9.14
 127001.688   286.019     4.87    8.28
 127290.624   286.723     2.43    8.24
 127579.549   288.065     4.64    7.65
 127868.461   289.124     3.67    7.92
 128157.361   289.782     2.28    7.47
 128446.249   289.765    -0.06    6.48
 128735.125   288.765    -3.46    6.53
 129023.989   287.811    -3.30    6.81
 129312.840   287.213    -2.07    7.35
 129601.680   285.813    -4.85    8.53
 129890.507   284.520    -4.47    9.15
 130179.323   282.874    -5.70   10.83
 130468.126   280.659    -7.67   11.53
 130756.917   276.741   -13.57   13.71
 131045.696   271.593   -17.82   15.01
 131334.463   264.243   -25.45   15.82
 131623.218   258.223   -20.85   14.38
 131911.960   253.305   -17.03   11.23
 132200.691   250.218   -10.69    9.29
 132489.409   249.128    -3.77    7.08
 132778.116   251.253     7.36    9.35
 133066.810   255.423    14.44   10.87
 133355.492   261.795    22.07   11.64
 133644.162   267.828    20.90   13.46
 133932.821   275.443    26.38   15.55
 134221.467   284.202    30.34   17.36
 134510.100   291.716    26.03   16.90
 134798.722   297.952    21.61   15.83
 135087.332   304.390    22.30   13.71
 135375.930   308.906    15.65   10.54
 135664.516   311.413     8.69    8.28
 135953.089   311.413     0.00    6.40
 136241.651   309.858    -5.39    5.37
 136530.200   308.162    -5.88    5.38
 136818.738   306.791    -4.75    5.20
 137107.263   304.151    -9.15    5.60
 137395.776   302.591    -5.41    5.31
 137684.278   301.692    -3.11    5.33
 137972.767   301.382    -1.08    5.23
 138261.244   301.624     0.84    5.25
 138549.709   302.824     4.16    5.98
 138838.162   305.531     9.38    7.07
 139126.603   307.935     8.33    6.61
 139415.032   309.117     4.10    6.10
 139703.449   308.720    -1.37    6.87
 139991.854   307.428    -4.48    9.01
 140280.247   304.697    -9.47   11.31
 140568.628   301.700   -10.39   12.75
 140856.997   297.922   -13.10   11.94
 141145.354   296.074    -6.41   12.16
 141433.699   293.814    -7.84   11.01
 141722.031   292.495    -4.57    9.94
 142010.352   292.259    -0.82    8.94
 142298.661   293.202     3.27    7.86
 142586.958   294.624     4.93    8.24
 142875.243   297.690    10.63    9.18
 143163.515   301.546    13.38    9.96
 143451.776   305.662    14.28   10.26
 143740.025   309.662    13.88    9.21
 144028.262   314.524    16.87    8.21
 144316.487   318.343    13.25    7.72
 144604.699   321.763    11.87    7.24
 144892.900   324.751    10.37    7.72
 145181.089   328.213    12.01    8.98
 145469.266   332.531    14.98    9.96
 145757.431   337.366    16.78   10.78
 146045.584   342.480    17.75   11.20
 146333.724   346.519    14.02   10.43
 146621.853   349.720    11.11    8.62
 146909.970   350.997     4.43    7.43
 147198.075   351.124     0.44    6.67
 147486.168   350.414    -2.47    6.36
 147774.249   349.907    -1.76    5.83
 148062.318   350.071     0.57    6.58
 148350.375   351.487     4.91    8.12
 148638.421   355.015    12.25   10.47
 148926.454   359.011    13.87   11.72
 149214.475   361.967    10.26   11.99
 149502.484   362.874     3.15   11.43
 149790.482   361.859    -3.53   11.65
 150078.467   360.408    -5.04   11.88
 150366.440   357.763    -9.18   12.46
 150654.402   354.337   -11.90   12.42
 150942.351   350.889   -11.97   11.17
 151230.289   347.456   -11.92    9.34
 151518.215   346.690    -2.66   10.13
 151806.128   346.391    -1.04   10.10
 152094.030   349.223     9.83   11.96
 152381.920   350.858     5.68   11.52
 152669.798   354.359    12.16   12.31
 152957.664   355.708     4.69   12.47
 153245.518   358.477     9.62   11.08
 153533.360   360.294     6.31   10.72
 153821.190   362.620     8.08    9.30
 154109.009   362.938     1.10    9.30
 154396.815   364.624     5.86    9.90
 154684.610   364.890     0.92   10.16
 154972.392   365.120     0.80   10.96
 155260.163   362.700    -8.41   12.26
 155547.922   361.665    -3.60   13.18
 155835.668   360.602    -3.69   14.21
 156123.403   361.326     2.52   17.78
 156411.127   361.782     1.58   19.62
 156698.838   360.874    -3.15   20.64
 156986.537   359.720    -4.01   22.59
 157274.224   359.213    -1.76   22.16
 157561.900   357.421    -6.23   23.23
 157849.563   352.491   -17.14   20.90
 158137.215   345.312   -24.96   10.28
 158424.855   343.247    -7.18    7.78
 158712.483   342.520    -2.53    6.95
 159000.099   342.253    -0.93    7.14
 159287.703   343.736     5.15    7.72
 159575.296   345.181     5.02    7.64
 159862.876   348.406    11.21    8.74
 160150.445   349.781     4.78    8.12
 160438.001   351.327     5.38    8.01
 160725.546   351.343     0.05    7.36
 161013.079   350.731    -2.13    6.70
 161300.600   349.239    -5.19    6.82
 161588.110   347.519    -5.98    6.47
 161875.607   345.013    -8.72    7.07
 162163.093   343.028    -6.90    6.83
 162450.566   341.952    -3.74    6.10
 162738.028   341.495    -1.59    5.92
 163025.478   341.136    -1.25    6.18
 163312.917   341.310     0.61    6.51
 163600.343   343.187     6.53    7.10
 163887.757   345.971     9.69    6.90
 164175.160   347.692     5.99    6.71
 164462.551   349.243     5.40    6.92
 164749.930   350.586     4.67    6.81
 165037.297   351.546     3.34    6.59
 165326.991   352.828     4.42    5.96
 165616.915   353.251     1.46    4.90
 165906.826   354.314     3.66    5.10
 166196.726   354.705     1.35    4.58
 166486.613   355.443     2.55    4.85
 166776.489   356.531     3.75    5.51
 167066.352   358.593     7.11    6.47
 167356.204   360.144     5.35    6.95
 167646.043   361.584     4.97    7.27
 167935.870   366.562    17.17   12.76
 168225.685   373.674    24.54   18.28
 168515.488   381.303    26.32   21.08
 168805.280   391.033    33.57   24.69
 169095.059   398.056    24.23   23.13
 169384.826   403.245    17.91   21.33
 169674.581   404.124     3.03   20.27
 169964.324   399.374   -16.39   19.00
 170254.054   392.090   -25.14   18.67
 170543.773   385.218   -23.72   15.61
 170833.480   379.171   -20.87    9.35
 171123.175   377.408    -6.09    7.68
 171412.858   378.011     2.08    8.38
 171702.529   377.979    -0.11    7.65
 171992.187   377.710    -0.93    7.30
 172281.834   377.120    -2.04    7.43
 172571.469   375.593    -5.27    7.48
 172861.091   372.774    -9.73    6.75
 173150.702   371.031    -6.02    5.38
 173440.301   371.450     1.45    6.04
 173729.887   375.405    13.65   12.38
 174019.462   380.274    16.81   16.26
 174309.025   388.077    26.94   17.43
 174598.576   393.604    19.09   15.74
 174888.114   398.684    17.54   11.98
 175177.641   400.296     5.57    9.41
 175467.156   401.249     3.29    7.74
 175756.658   399.562    -5.83    6.23
 176046.149   398.350    -4.18    5.79
 176335.628   397.874    -1.64    5.70
 176625.095   398.100     0.78    6.55
 176914.549   398.443     1.19    6.55
 177203.992   399.692     4.31    6.45
 177493.423   401.314     5.60    6.33
 177782.842   402.905     5.50    7.22
 178072.249   406.351    11.91    8.97
 178361.644   407.508     4.00    8.84
 178651.027   408.407     3.11    8.84
 178940.397   408.561     0.53    8.16
 179229.757   407.980    -2.01    8.38
 179519.104   406.218    -6.09    7.01
 179808.439   404.218    -6.91    6.13
 180097.762   403.008    -4.18    4.82
 180387.073   401.843    -4.02    5.06
 180676.372   401.967     0.43    4.40
 180965.660   402.484     1.79    4.58
 181254.935   403.628     3.96    5.29
 181544.198   405.597     6.81    5.21
 181833.450   407.148     5.36    5.26
 182122.689   408.938     6.19    4.35
 182411.917   409.890     3.29    3.70
 182701.133   409.167    -2.50    4.95
 182990.336   408.314    -2.95    5.55
 183279.528   406.437    -6.49    6.05
 183568.708   405.390    -3.62    5.92
 183857.876   405.632     0.84    6.34
 184147.032   406.046     1.43    6.56
 184436.176   407.632     5.48    7.50
 184725.308   410.450     9.75    8.43
 185014.429   415.283    16.72   13.95
 185303.537   419.643    15.08   16.71
 185592.633   424.724    17.57   19.67
 185881.718   429.327    15.92   21.71
 186170.791   439.259    34.35   27.68
 186459.851   451.413    42.04   35.82
 186748.900   467.982    57.32   45.94
 187037.937   478.551    36.56   45.81
 187326.962   483.261    16.29   42.82
 187615.975   485.541     7.89   42.47
 187904.977   478.471   -24.46   36.68
 188193.966   464.734   -47.53   29.75
 188482.944   451.197   -46.84   20.69
 188771.909   441.577   -33.29   14.80
 189060.863   434.668   -23.91    9.92
 189349.805   429.462   -18.02    8.57
 189638.735   426.874    -8.95    6.83
 189927.653   425.187    -5.84    5.67
 190216.559   425.359     0.59    5.60
 190505.453   425.265    -0.32    5.45
 190794.336   426.140     3.03    5.69
 191083.206   427.326     4.11    5.24
 191372.065   429.071     6.04    5.49
 191660.912   430.081     3.49    5.93
 191949.747   432.176     7.25    6.61
 192238.570   434.705     8.76    7.00
 192527.381   437.124     8.38    6.44
 192816.181   439.271     7.43    5.81
 193104.968   440.249     3.39    5.43
 193393.744   441.108     2.97    5.32
 193682.508   441.736     2.18    5.70
 193971.260   442.920     4.10    5.94
 194260.000   443.920     3.46    5.75
 194548.729   444.738     2.83    5.98
 194837.445   445.259     1.80    5.59
 195126.150   445.474     0.75    5.43
 195414.843   445.827     1.22    5.55
 195703.524   446.980     3.99    6.39
 195992.193   447.662     2.36    7.51
 196280.851   449.495     6.35    8.18
 196569.496   450.156     2.29    7.83
 196858.130   451.165     3.50    7.58
 197146.752   450.812    -1.22    7.51
 197435.362   451.624     2.81    6.99
 197723.960   452.374     2.60    6.91
 198012.547   454.015     5.68    7.33
 198301.122   456.640     9.10    8.34
 198589.684   460.525    13.46    8.01
 198878.236   463.033     8.69    7.00
 199166.775   464.452     4.92    5.87
 199455.302   464.405    -0.17    4.79
 199743.818   464.814     1.42    4.48
 200032.322   465.223     1.42    4.84
 200320.814   465.843     2.15    5.84
 200609.294   466.991     3.98    6.69
 200897.763   468.182     4.13    6.82
 201186.219   469.765     5.49    6.68
 201474.664   472.283     8.73    6.05
 201763.098   473.428     3.97    5.73
 202051.519   474.359     3.23    5.94
 202339.929   475.624     4.39    5.93
 202628.326   476.499     3.03    6.16
 202916.712   477.003     1.75    6.47
 203205.087   477.765     2.64    6.79
 203493.449   479.059     4.49    7.05
 203781.800   479.702     2.23    6.70
 204070.139   479.763     0.21    6.09
 204358.466   480.026     0.91    5.59
 204646.782   480.810     2.72    6.29
 204935.085   480.468    -1.19    6.97
 205223.377   479.090    -4.78    7.63
 205511.658   477.951    -3.95    8.38
 205799.926   476.577    -4.76    8.79
 206088.183   475.552    -3.56    8.19
 206376.428   474.202    -4.68    6.99
 206664.661   473.536    -2.31    6.35
 206952.882   474.684     3.98    6.73
 207241.092   476.736     7.12    7.95
 207529.290   481.562    16.74   11.97
 207817.476   494.382    44.48   33.34
 208105.651   514.720    70.57   56.36
 208393.814   541.514    92.97   70.26
 208681.965   572.041   105.93   77.75
 208970.104   604.531   112.74   75.64
 209258.232   633.526   100.62   66.25
 209546.348   650.650    59.43   49.95
 209834.452   655.046    15.26   48.66
 210122.544   643.141   -41.32   57.79
 210410.625   628.343   -51.36   62.40
 210698.694   613.874   -50.22   64.25
 210986.752   598.647   -52.85   62.19
 211274.797   584.465   -49.23   60.49
 211562.831   575.643   -30.62   61.01
 211850.853   568.310   -25.46   53.51
 212138.864   562.647   -19.66   45.69
 212426.863   556.335   -21.91   32.89
 212714.850   551.160   -17.97   20.80
 213002.825   554.367    11.13   21.12
 213290.789   560.327    20.70   30.12
 213578.741   569.843    33.04   38.15
 213866.681   575.684    20.28   40.11
 214154.610   582.874    24.97   43.66
 214442.527   594.296    39.66   45.66
 214730.433   605.843    40.10   48.12
 215018.326   616.749    37.88   49.66
 215306.208   623.971    25.08   48.72
 215594.078   631.471    26.05   46.09
 215881.937   637.968    22.57   47.55
 216169.784   650.084    42.09   62.50
 216457.619   653.509    11.90   64.57
 216745.443   664.450    38.01   71.50
 217033.255   668.952    15.64   67.65
 217321.055   688.687    68.56   71.80
 217608.844   709.936    73.82   73.71
 217896.621   730.841    72.63   71.30
 218184.386   762.684   110.64   77.27
 218472.140   799.009   126.22   89.99
 218759.882   830.874   110.73   97.22
 219047.613   858.800    97.04  100.31
 219335.331   886.782    97.24   96.93
 219623.038   925.774   135.51   84.21
 219910.734   945.182    67.45   71.21
 220198.418   955.374    35.42   59.92
 220486.090   959.074    12.86   49.48
 220773.751   960.259     4.12   40.51
 221061.400   957.624    -9.16   32.96
 221349.037   957.536    -0.31   29.65
 221636.663   961.905    15.19   29.28
 221924.277   966.648    16.49   30.62
 222211.879   979.382    44.27   29.43
 222499.470   988.782    32.68   26.06
 222787.049   998.984    35.47   23.73
 223074.617  1002.921    13.69   20.01
 223362.173  1000.430    -8.66   27.30
 223649.717   991.652   -30.52   36.07
 223937.250   976.493   -52.71   50.65
 224224.771   950.181   -91.50   63.85
 224512.281   919.046  -108.27   73.69
 224799.779   885.702  -115.96   71.61
 225087.265   855.906  -103.63   62.42
 225374.740   830.738   -87.53   46.60
 225662.203   814.423   -56.75   34.11
 225949.655   807.459   -24.22   30.65
 226237.095   802.920   -15.79   31.47
 226524.523   799.890   -10.54   30.98
 226811.940   799.516    -1.30   31.56
 227099.345   796.812    -9.41   27.82
 227387.947   796.308    -1.75   23.91
 227677.866   797.327     3.52   19.75
 227967.774   809.337    41.42   30.38
 228257.671   820.420    38.22   36.70
 228547.555   837.650    59.43   47.14
 228837.427   850.551    44.50   49.10
 229127.288   861.608    38.14   47.55
 229417.137   860.428    -4.07   48.67
 229706.974   854.234   -21.37   53.45
 229996.800   840.718   -46.63   54.37
 230286.613   821.889   -64.96   46.16
 230576.415   807.763   -48.74   29.87
 230866.205   796.665   -38.29   13.99
 231155.983   793.859    -9.68   12.65
 231445.750   789.747   -14.19   11.81
 231735.504   786.140   -12.45   13.03
 232025.247   781.781   -15.04   14.37
 232314.978   776.906   -16.82   12.94
 232604.698   771.858   -17.42   10.99
 232894.405   770.001    -6.41   11.10
 233184.101   767.810    -7.56    9.07
 233473.785   768.843     3.57    9.41
 233763.457   771.117     7.85   11.06
 234053.118   775.874    16.42   19.23
 234342.766   784.859    31.01   29.88
 234632.403   790.694    20.14   31.19
 234922.028   795.671    17.18   31.95
 235211.642   798.213     8.77   29.46
 235501.243   803.213    17.26   29.23
 235790.833   803.435     0.77   28.64
 236080.412   802.505    -3.21   24.95
 236369.978   802.191    -1.08   23.83
 236659.533   802.562     1.28   23.25
 236949.076   804.640     7.18   22.24
 237238.607   802.905    -5.99   19.33
 237528.126   800.074    -9.78   15.21
 237817.634   798.351    -5.95    9.70
 238107.130   801.891    12.23   11.19
 238396.614   806.093    14.51   18.94
 238686.087   812.795    23.15   30.87
 238975.548   816.593    13.12   33.81
 239264.997   817.551     3.31   35.27
 239554.434   815.859    -5.85   36.09
 239843.860   813.197    -9.20   32.01
 240133.274   815.056     6.42   32.01
 240422.676   815.036    -0.07   29.35
 240712.066   816.208     4.05   28.40
 241001.445   818.336     7.35   27.62
 241290.812   823.609    18.22   26.70
 241580.168   832.525    30.81   32.79
 241869.511   845.970    46.46   41.02
 242158.843   854.176    28.36   43.85
 242448.164   864.124    34.38   48.12
 242737.472   864.952     2.86   50.28
 243026.769   863.890    -3.67   51.24
 243316.055   865.729     6.36   52.53
 243605.328   859.858   -20.29   49.17
 243894.590   863.359    12.10   48.06
 244183.840   875.319    41.34   50.12
 244473.078   893.287    62.11   47.89
 244762.305   905.843    43.41   39.40
 245051.520   910.747    16.95   35.02
 245340.724   910.065    -2.36   34.06
 245629.916   903.905   -21.30   38.88
 245919.096   897.503   -22.13   42.47
 246208.264   895.243    -7.81   46.33
 246497.421   903.059    27.02   45.79
 246786.566   906.511    11.94   41.99
 247075.699   902.796   -12.84   41.03
 247364.821   893.546   -31.99   47.69
 247653.931   877.624   -55.06   56.09
 247943.030   848.397  -101.08   62.20
 248232.117   822.053   -91.11   59.89
 248521.192   799.541   -77.86   48.04
 248810.255   783.480   -55.55   40.63
 249099.307   767.765   -54.36   24.05
 249388.347   763.691   -14.09   23.07
 249677.376   767.577    13.44   33.48
 249966.393   773.041    18.90   38.53
 250255.398   772.768    -0.94   39.36
 250544.392   772.659    -0.38   39.45
 250833.374   770.359    -7.96   35.21
 251122.344   768.632    -5.97   30.13
 251411.303   763.223   -18.72   26.14
 251700.250   759.671   -12.29   22.61
 251989.186   753.374   -21.79   21.77
 252278.110   750.781    -8.98   21.05
 252567.022   745.531   -18.17   17.15
 252855.923   743.938    -5.51   16.05
 253144.812   739.192   -16.43   13.30
 253433.689   738.525    -2.31   12.15
 253722.555   738.536     0.04   15.72
 254011.409   742.495    13.71   21.96
 254300.252   745.920    11.85   25.54
 254589.083   749.493    12.37   26.32
 254877.902   749.424    -0.24   25.16
 255166.710   749.734     1.07   24.48
 255455.506   747.028    -9.37   23.89
 255744.291   743.951   -10.65   20.73
 256033.064   739.965   -13.80   14.39
 256321.826   742.997    10.50   19.68
 256610.576   747.358    15.10   25.50
 256899.314   751.281    13.58   27.62
 257188.041   759.859    29.70   33.11
 257476.756   769.797    34.42   39.14
 257765.459   780.151    35.86   45.59
 258054.151   785.026    16.88   52.45
 258342.832   788.858    13.27   59.04
 258631.500   790.249     4.82   60.54
 258920.158   793.464    11.14   59.63
 259208.803   808.351    51.57   63.81
 259497.437   820.828    43.22   63.40
 259786.060   825.797    17.21   63.32
 260074.671   833.033    25.07   62.39
 260363.270   832.597    -1.51   64.51
 260651.858   824.132   -29.33   69.30
 260940.435   804.477   -68.10   68.16
 261228.999   788.920   -53.90   59.63
 261517.553   776.968   -41.41   47.99
 261806.094   771.796   -17.92   38.35
 262094.625   772.890     3.79   30.47
 262383.143   777.536    16.10   30.50
 262671.650   792.890    53.21   38.49
 262960.146   809.843    58.75   48.10
 263248.630   829.827    69.26   56.87
 263537.102   850.525    71.74   58.27
 263825.563   863.636    45.44   55.32
 264114.013   876.525    44.68   49.52
 264402.450   875.231    -4.48   51.62
 264690.877   881.874    23.03   45.61
 264979.292   874.427   -25.82   50.18
