-180263.137    48.635     0.00    1.94
-179975.503    48.416    -0.76    2.41
-179687.881    48.623     0.72    2.78
-179400.273    48.574    -0.17    3.01
-179112.679    48.679     0.37    3.13
-178825.097    48.665    -0.05    2.94
-178537.529    48.407    -0.90    2.74
-178249.975    48.054    -1.23    2.57
-177962.434    47.650    -1.40    2.31
-177674.906    47.218    -1.50    2.42
-177387.391    46.665    -1.92    2.41
-177099.890    46.085    -2.02    2.30
-176812.402    45.561    -1.82    2.19
-176524.928    45.210    -1.22    2.18
-176237.467    44.960    -0.87    2.21
-175950.019    44.531    -1.49    2.12
-175662.584    43.983    -1.91    1.89
-175375.163    43.583    -1.39    1.64
-175087.756    43.387    -0.68    1.63
-174800.361    43.286    -0.35    1.81
-174512.980    43.039    -0.86    1.94
-174225.612    42.960    -0.27    1.96
-173938.258    42.591    -1.29    1.73
-173650.917    42.203    -1.35    1.58
-173363.589    41.910    -1.02    1.56
-173076.274    41.636    -0.96    1.52
-172788.973    41.218    -1.45    1.58
-172501.685    41.005    -0.74    1.57
-172214.411    40.622    -1.33    1.55
-171927.150    40.180    -1.54    1.53
-171639.902    39.741    -1.53    1.42
-171352.667    39.552    -0.66    1.49
-171065.446    39.278    -0.95    1.43
-170778.238    38.833    -1.55    1.27
-170491.043    38.650    -0.64    1.15
-170203.862    39.018     1.28    1.92
-169916.693    39.681     2.31    2.69
-169627.487    40.320     2.21    2.98
-169337.438    40.603     0.98    2.90
-169047.403    40.665     0.21    2.80
-168757.381    40.476    -0.65    2.76
-168467.373    40.293    -0.63    2.86
-168177.379    39.695    -2.06    2.47
-167887.398    39.332    -1.25    2.05
-167597.430    39.351     0.07    2.01
-167307.477    38.907    -1.53    2.03
-167017.536    38.789    -0.41    2.07
-166727.610    38.423    -1.26    2.04
-166437.697    38.293    -0.45    2.22
-166147.797    37.576    -2.47    2.28
-165857.911    36.563    -3.49    2.44
-165568.039    36.001    -1.94    2.50
-165278.180    36.152     0.52    2.71
-164988.335    36.433     0.97    2.68
-164698.503    36.468     0.12    2.77
-164408.685    36.572     0.36    2.51
-164118.880    36.755     0.63    2.81
-163829.089    36.589    -0.57    2.74
-163539.312    36.233    -1.23    2.81
-163249.548    35.847    -1.33    2.77
-162959.798    35.377    -1.62    2.76
-162670.061    35.063    -1.08    2.47
-162380.337    34.895    -0.58    2.50
-162090.628    34.771    -0.43    2.29
-161800.931    34.985     0.74    2.38
-161511.249    34.756    -0.79    2.35
-161221.579    34.710    -0.16    2.35
-160931.924    34.756     0.16    2.51
-160642.281    34.519    -0.82    2.58
-160352.653    34.559     0.14    2.63
-160063.038    34.431    -0.44    2.34
-159773.436    34.530     0.34    2.46
-159483.848    34.412    -0.41    2.61
-159194.273    34.033    -1.31    2.70
-158904.712    33.968    -0.23    2.70
-158615.165    33.248    -2.49    2.60
-158325.630    32.785    -1.60    2.40
-158036.110    32.316    -1.62    1.98
-157746.603    32.044    -0.94    1.78
-157457.109    31.832    -0.73    1.84
-157167.629    31.449    -1.32    1.63
-156878.162    31.093    -1.23    1.47
-156588.709    30.832    -0.90    1.43
-156299.269    30.832     0.00    1.75
-156009.843    30.791    -0.14    1.88
-155720.430    31.029     0.82    2.08
-155431.031    31.080     0.18    2.23
-155141.645    31.286     0.71    2.23
-154852.273    31.593     1.06    2.36
-154562.914    31.726     0.46    2.55
-154273.569    31.650    -0.26    2.71
-153984.237    31.646    -0.01    2.96
-153694.918    31.800     0.53    2.89
-153405.613    31.773    -0.09    2.61
-153116.321    31.604    -0.58    2.47
-152827.043    31.607     0.01    2.51
-152537.779    31.710     0.36    2.40
-152248.527    31.741     0.10    2.33
-151959.289    31.218    -1.81    2.09
-151670.065    30.892    -1.13    2.09
-151380.854    30.433    -1.59    1.88
-151091.657    30.498     0.22    2.12
-150802.472    30.418    -0.28    2.13
-150513.302    30.516     0.34    2.26
-150224.145    30.614     0.34    2.16
-149935.001    30.483    -0.45    2.10
-149645.870    30.387    -0.33    1.75
-149356.753    30.256    -0.45    2.00
-149067.650    30.382     0.44    1.93
-148778.560    30.256    -0.44    1.91
-148489.483    30.195    -0.21    1.92
-148200.420    30.039    -0.54    1.89
-147911.370    29.998    -0.14    2.10
-147622.333    29.678    -1.11    2.06
-147333.310    29.286    -1.36    2.13
-147044.300    29.098    -0.65    2.43
-146755.304    28.786    -1.08    2.33
-146466.321    28.352    -1.50    2.37
-146177.351    28.017    -1.16    1.90
-145888.395    27.938    -0.27    1.87
-145599.452    28.003     0.23    1.77
-145310.523    27.862    -0.49    1.87
-145021.607    27.572    -1.00    1.90
-144732.704    27.498    -0.25    1.88
-144443.815    27.523     0.09    1.77
-144154.939    27.362    -0.56    1.72
-143866.077    27.403     0.14    1.71
-143577.227    27.742     1.17    1.89
-143288.392    28.089     1.20    2.19
-142999.569    28.126     0.13    2.21
-142710.760    28.226     0.35    2.14
-142421.964    28.172    -0.19    2.19
-142133.182    27.847    -1.13    2.08
-141844.413    27.662    -0.64    1.74
-141555.657    27.501    -0.56    1.79
-141266.915    27.195    -1.06    1.58
-140978.186    26.949    -0.85    1.57
-140689.470    26.832    -0.41    1.45
-140400.768    26.823    -0.03    1.34
-140112.079    26.771    -0.18    1.52
-139823.403    27.023     0.87    1.64
-139534.741    27.513     1.70    1.88
-139246.092    27.650     0.47    1.84
-138957.456    27.710     0.21    2.12
-138668.834    27.953     0.84    2.37
-138380.224    28.064     0.39    2.43
-138091.629    27.726    -1.17    2.54
-137803.046    27.420    -1.06    2.61
-137514.477    27.054    -1.27    2.64
-137225.921    26.938    -0.40    2.67
-136937.379    26.549    -1.35    2.18
-136648.850    26.341    -0.72    2.20
-136360.334    25.845    -1.72    1.67
-136071.831    25.839    -0.02    1.38
-135783.342    25.987     0.51    1.54
-135494.866    25.949    -0.13    1.54
-135206.403    25.979     0.10    1.65
-134917.954    25.800    -0.62    1.68
-134629.517    25.851     0.18    1.70
-134341.095    25.801    -0.17    1.91
-134052.685    26.071     0.94    2.30
-133764.289    26.357     0.99    2.41
-133475.906    26.337    -0.07    2.40
-133187.536    26.534     0.68    2.37
-132899.179    26.483    -0.18    2.35
-132610.836    26.263    -0.76    2.26
-132322.506    26.187    -0.26    2.01
-132034.190    26.155    -0.11    2.13
-131745.886    25.998    -0.54    1.97
-131457.596    25.845    -0.53    2.00
-131169.319    25.490    -1.23    2.10
-130881.055    25.337    -0.53    1.98
-130592.805    25.054    -0.98    2.06
-130304.568    24.839    -0.74    1.90
-130016.344    24.726    -0.40    1.83
-129728.133    24.460    -0.92    1.83
-129439.936    24.468     0.03    1.80
-129151.751    24.412    -0.19    1.81
-128863.580    24.666     0.88    1.83
-128575.423    24.561    -0.36    1.94
-128287.278    24.333    -0.79    1.87
-127999.147    24.453     0.41    1.76
-127711.029    24.618     0.57    1.74
-127422.924    24.785     0.58    1.72
-127134.832    24.832     0.16    1.43
-126846.754    24.620    -0.74    1.34
-126558.688    24.710     0.32    1.41
-126270.636    24.895     0.64    1.53
-125982.598    24.877    -0.06    1.60
-125694.572    24.570    -1.07    1.62
-125406.560    24.498    -0.25    1.73
-125118.560    24.510     0.04    1.59
-124830.574    24.392    -0.41    1.58
-124542.602    24.310    -0.28    1.62
-124254.642    24.423     0.39    1.56
-123966.696    24.377    -0.16    1.45
-123678.762    24.516     0.48    1.42
-123390.842    24.412    -0.36    1.43
-123102.935    24.382    -0.10    1.42
-122815.042    24.412     0.10    1.33
-122527.161    24.372    -0.14    1.37
-122239.294    24.218    -0.54    1.54
-121951.440    24.038    -0.62    1.54
-121663.599    23.786    -0.88    1.60
-121375.771    23.531    -0.89    1.59
-121087.956    23.475    -0.20    1.69
-120800.155    23.143    -1.15    1.56
-120512.367    22.983    -0.56    1.72
-120224.591    22.953    -0.11    1.88
-119936.829    23.187     0.81    1.92
-119649.080    23.431     0.85    1.98
-119361.345    23.487     0.19    2.07
-119073.622    23.483    -0.01    2.16
-118785.913    23.636     0.53    2.24
-118498.216    23.188    -1.56    2.29
-118210.533    22.679    -1.77    2.21
-117922.863    22.271    -1.42    2.16
-117635.206    22.085    -0.65    2.16
-117347.563    21.710    -1.30    1.72
-117059.932    21.725     0.05    1.67
-116772.315    21.397    -1.14    1.52
-116484.710    21.278    -0.42    1.51
-116197.119    21.169    -0.38    1.61
-115909.541    21.128    -0.14    1.56
-115621.976    21.233     0.37    1.45
-115334.424    21.392     0.55    1.67
-115046.885    21.357    -0.12    1.64
-114759.359    21.367     0.04    1.73
-114471.847    21.453     0.30    1.69
-114184.347    21.314    -0.48    1.63
-113896.861    21.256    -0.20    1.54
-113609.388    21.226    -0.10    1.36
-113321.928    21.301     0.26    1.18
-113034.481    21.249    -0.18    1.30
-112747.047    21.286     0.13    1.34
-112459.626    21.541     0.89    1.34
-112172.218    21.347    -0.68    1.41
-111884.823    21.472     0.44    1.47
-111597.442    21.316    -0.54    1.42
-111310.073    21.218    -0.34    1.44
-111022.717    21.307     0.31    1.48
-110735.375    21.150    -0.55    1.49
-110448.046    20.987    -0.57    1.42
-110160.729    20.725    -0.91    1.40
-109873.426    20.560    -0.57    1.41
-109586.136    20.316    -0.85    1.38
-109298.859    20.039    -0.97    1.26
-109011.595    19.960    -0.27    1.25
-108724.344    19.860    -0.35    1.25
-108437.106    19.816    -0.15    1.28
-108149.881    19.880     0.22    1.34
-107862.669    19.806    -0.26    1.35
-107574.711    19.803    -0.01    1.47
-107284.671    19.546    -0.88    1.65
-106994.643    19.606     0.21    1.78
-106704.629    19.501    -0.36    1.79
-106414.629    19.278    -0.77    1.70
-106124.642    19.162    -0.40    1.68
-105834.668    19.195     0.11    1.67
-105544.707    19.398     0.70    1.63
-105254.760    19.423     0.08    1.57
-104964.826    19.397    -0.09    1.52
-104674.905    19.263    -0.46    1.45
-104384.998    19.310     0.16    1.33
-104095.104    19.194    -0.40    1.30
-103805.223    19.104    -0.31    1.35
-103515.356    19.054    -0.17    1.49
-103225.502    19.078     0.08    1.59
-102935.661    19.165     0.30    1.75
-102645.833    19.173     0.03    1.77
-102356.019    18.941    -0.80    1.74
-102066.218    18.603    -1.17    1.69
-101776.431    18.362    -0.83    1.47
-101486.657    18.263    -0.34    1.43
-101196.896    18.107    -0.54    1.25
-100907.148    17.979    -0.44    1.29
-100617.414    17.786    -0.67    1.27
-100327.693    17.594    -0.66    1.28
-100037.985    17.498    -0.33    1.33
 -99748.290    17.141    -1.23    1.59
 -99458.609    16.907    -0.81    1.49
 -99168.941    16.816    -0.31    1.64
 -98879.286    16.710    -0.37    1.51
 -98589.645    16.541    -0.58    1.39
 -98300.017    16.568     0.09    1.46
 -98010.402    16.650     0.28    1.42
 -97720.800    16.755     0.36    1.41
 -97431.212    16.741    -0.05    1.36
 -97141.636    16.531    -0.72    1.28
 -96852.075    16.498    -0.11    1.31
 -96562.526    16.647     0.51    1.31
 -96272.991    16.787     0.49    1.35
 -95983.468    16.803     0.05    1.47
 -95693.959    16.636    -0.58    1.51
 -95404.464    16.442    -0.67    1.61
 -95114.981    16.241    -0.69    1.76
 -94825.512    16.165    -0.26    1.79
 -94536.056    16.044    -0.42    1.71
 -94246.613    15.923    -0.42    1.78
 -93957.184    15.830    -0.32    1.49
 -93667.768    15.990     0.55    1.42
 -93378.365    15.983    -0.02    1.48
 -93088.975    16.173     0.66    1.53
 -92799.598    16.418     0.85    1.51
 -92510.235    16.789     1.28    1.43
 -92220.885    17.029     0.83    1.45
 -91931.548    16.934    -0.33    1.85
 -91642.224    16.902    -0.11    2.02
 -91352.913    17.113     0.73    2.17
 -91063.616    16.923    -0.66    2.41
 -90774.332    17.219     1.02    2.40
 -90485.061    17.529     1.07    2.28
 -90195.803    17.772     0.84    1.95
 -89906.558    17.830     0.20    1.88
 -89617.327    17.635    -0.67    1.38
 -89328.109    17.332    -1.05    1.59
 -89038.904    16.695    -2.20    2.10
 -88749.712    15.904    -2.74    2.53
 -88460.533    14.998    -3.13    2.66
 -88171.368    14.442    -1.92    2.82
 -87882.215    13.949    -1.70    2.59
 -87593.076    13.591    -1.24    2.26
 -87303.950    14.005     1.43    2.36
 -87014.838    14.202     0.68    2.38
 -86725.738    14.574     1.29    2.45
 -86436.651    14.554    -0.07    2.54
 -86147.578    14.559     0.02    2.33
 -85858.518    14.387    -0.60    2.42
 -85569.471    14.382    -0.02    2.45
 -85280.437    14.332    -0.17    2.52
 -84991.416    14.244    -0.30    2.70
 -84702.409    14.529     0.99    2.77
 -84413.414    14.526    -0.01    2.52
 -84124.433    14.650     0.43    2.28
 -83835.465    14.120    -1.84    2.20
 -83546.510    13.741    -1.31    2.21
 -83257.568    13.460    -0.97    2.07
 -82968.639    13.135    -1.13    1.93
 -82679.724    12.957    -0.62    1.89
 -82390.821    12.786    -0.59    1.92
 -82101.932    12.875     0.31    2.15
 -81813.055    13.113     0.83    2.18
 -81524.192    13.089    -0.08    2.17
 -81235.342    13.339     0.87    2.16
 -80946.505    13.256    -0.29    2.09
 -80657.682    12.980    -0.95    2.02
 -80368.871    12.649    -1.15    2.00
 -80080.073    12.203    -1.54    1.72
 -79791.289    11.862    -1.18    1.68
 -79502.517    11.801    -0.21    1.77
 -79213.759    11.774    -0.09    1.87
 -78925.014    12.150     1.30    2.29
 -78636.282    12.280     0.45    2.56
 -78347.563    12.589     1.07    2.58
 -78058.857    12.957     1.27    2.59
 -77770.164    13.529     1.98    2.49
 -77481.484    13.964     1.51    2.26
 -77192.818    14.059     0.33    1.99
 -76904.164    13.933    -0.44    2.32
 -76615.523    13.818    -0.40    2.35
 -76326.896    13.923     0.36    2.50
 -76038.282    13.665    -0.89    2.49
 -75749.680    13.695     0.11    2.60
 -75461.092    14.049     1.23    2.67
 -75172.517    14.438     1.35    2.41
 -74883.955    15.101     2.30    1.92
 -74595.406    15.226     0.43    1.73
 -74306.870    15.529     1.05    1.59
 -74018.347    15.487    -0.15    1.58
 -73729.837    15.064    -1.46    1.49
 -73441.340    14.803    -0.91    1.52
 -73152.856    14.695    -0.37    1.58
 -72864.385    14.436    -0.90    1.56
 -72575.927    14.059    -1.31    1.54
 -72287.483    13.953    -0.37    1.81
 -71999.051    13.934    -0.06    2.08
 -71710.632    13.926    -0.03    2.17
 -71422.227    13.800    -0.44    2.17
 -71133.834    13.940     0.49    2.03
 -70845.455    13.650    -1.01    2.22
 -70557.088    13.188    -1.60    2.47
 -70268.734    12.892    -1.03    2.37
 -69980.394    12.544    -1.21    2.29
 -69692.066    11.992    -1.91    2.24
 -69403.752    11.695    -1.03    1.99
 -69115.450    11.501    -0.67    1.93
 -68827.162    11.591     0.31    1.89
 -68538.887    11.546    -0.16    1.81
 -68250.624    11.392    -0.53    1.57
 -67962.375    11.337    -0.19    1.51
 -67674.138    11.453     0.40    1.51
 -67385.915    11.504     0.18    1.50
 -67097.704    11.557     0.18    1.54
 -66809.507    11.833     0.96    1.65
 -66521.322    11.620    -0.74    1.77
 -66233.151    11.516    -0.36    1.84
 -65944.992    11.666     0.52    1.80
 -65656.846    11.526    -0.49    1.83
 -65368.714    11.628     0.36    1.76
 -65080.594    11.710     0.28    1.80
 -64792.488    11.895     0.64    1.91
 -64504.394    12.044     0.52    1.90
 -64216.313    11.998    -0.16    1.83
 -63928.245    11.941    -0.20    1.90
 -63640.191    12.049     0.37    2.06
 -63352.149    11.907    -0.49    2.11
 -63064.120    11.818    -0.31    2.15
 -62776.104    11.003    -2.83    2.37
 -62488.101    10.665    -1.17    2.36
 -62200.111    10.195    -1.63    2.18
 -61912.134    10.104    -0.32    2.25
 -61624.170    10.070    -0.12    2.02
 -61336.219    10.362     1.01    2.03
 -61048.280    10.210    -0.53    1.66
 -60760.355    10.347     0.47    1.92
 -60472.443    10.316    -0.11    2.22
 -60184.543    10.286    -0.11    2.18
 -59896.657    10.126    -0.56    2.13
 -59608.783     9.949    -0.62    2.35
 -59320.922     9.710    -0.83    2.31
 -59033.075     9.630    -0.28    1.94
 -58745.240     9.559    -0.25    1.97
 -58457.418     9.377    -0.63    1.88
 -58169.609     9.269    -0.37    1.86
 -57881.813     9.377     0.37    2.00
 -57594.030     9.574     0.68    2.29
 -57306.259     9.710     0.47    2.28
 -57018.502     9.880     0.59    2.42
 -56730.758    10.074     0.68    2.49
 -56443.026    10.059    -0.05    2.41
 -56155.307     9.800    -0.90    2.44
 -55867.601     9.726    -0.26    2.54
 -55579.909     9.150    -2.00    2.29
 -55292.229     8.744    -1.41    1.94
 -55004.561     8.695    -0.17    1.96
 -54716.907     8.621    -0.26    1.74
 -54429.266     8.755     0.47    1.83
 -54141.637     8.938     0.63    1.86
 -53854.022     9.322     1.34    1.98
 -53566.419     9.647     1.13    1.92
 -53278.829     9.574    -0.25    1.79
 -52991.252     9.464    -0.38    1.71
 -52703.688     9.187    -0.96    1.80
 -52416.137     8.887    -1.04    1.58
 -52128.598     8.847    -0.14    1.54
 -51841.073     8.620    -0.79    1.30
 -51553.560     8.952     1.16    1.77
 -51266.060     9.226     0.95    1.92
 -50978.574     9.872     2.25    2.32
 -50691.099    10.135     0.91    2.33
 -50403.638    10.286     0.53    2.16
 -50116.190    10.559     0.95    1.93
 -49828.754    10.726     0.58    1.80
 -49541.331    10.539    -0.65    1.94
 -49253.921    10.165    -1.30    1.63
 -48966.524     9.952    -0.74    1.55
 -48679.140     9.953     0.00    1.90
 -48391.769     9.938    -0.05    2.07
 -48104.410    10.269     1.15    2.31
 -47817.064    10.513     0.85    2.34
 -47529.731    10.968     1.58    2.21
 -47242.411    11.146     0.62    2.11
 -46955.104    11.141    -0.02    2.11
 -46667.809    11.249     0.37    1.97
 -46380.528    10.832    -1.45    2.15
 -46093.259    10.650    -0.63    2.10
 -45806.003    10.526    -0.43    2.28
 -45518.760    10.233    -1.02    2.62
 -45229.199    10.017    -0.75    2.76
 -44939.187     9.649    -1.27    2.86
 -44649.188     9.352    -1.02    2.66
 -44359.202     9.226    -0.44    2.60
 -44069.229     9.113    -0.39    2.28
 -43779.269     8.741    -1.29    2.38
 -43489.323     8.488    -0.87    2.25
 -43199.389     8.080    -1.41    2.34
 -42909.469     8.064    -0.05    2.39
 -42619.562     7.801    -0.91    2.17
 -42329.667     7.757    -0.15    2.17
 -42039.786     7.972     0.74    2.43
 -41749.918     7.910    -0.21    2.38
 -41460.063     8.186     0.95    2.23
 -41170.221     8.310     0.43    2.20
 -40880.392     8.382     0.25    2.11
 -40590.576     8.337    -0.15    2.18
 -40300.773     8.054    -0.98    2.21
 -40010.983     7.816    -0.82    2.31
 -39721.206     7.504    -1.08    2.43
 -39431.443     7.326    -0.62    2.22
 -39141.692     7.218    -0.37    2.23
 -38851.954     7.210    -0.03    2.04
 -38562.230     7.074    -0.47    2.10
 -38272.518     6.664    -1.41    2.30
 -37982.819     6.226    -1.51    2.19
 -37693.134     6.010    -0.74    2.34
 -37403.461     5.559    -1.56    2.21
 -37113.802     4.964    -2.05    2.03
 -36824.155     4.622    -1.18    2.10
 -36534.522     4.501    -0.42    1.94
 -36244.901     4.044    -1.58    2.03
 -35955.294     3.742    -1.04    2.20
 -35665.700     3.772     0.10    2.16
 -35376.118     3.589    -0.63    2.06
 -35086.550     3.438    -0.52    2.16
 -34796.994     3.431    -0.02    2.08
 -34507.452     3.681     0.86    2.12
 -34217.922     4.049     1.27    2.12
 -33928.406     4.510     1.59    2.08
 -33638.903     4.544     0.12    2.03
 -33349.412     4.546     0.01    2.00
 -33059.935     4.534    -0.04    1.93
 -32770.470     4.362    -0.59    2.10
 -32481.019     3.651    -2.46    2.20
 -32191.580     3.091    -1.93    2.25
 -31902.155     2.757    -1.15    2.32
 -31612.742     2.438    -1.10    2.31
 -31323.342     1.816    -2.15    1.99
 -31033.956     1.416    -1.38    1.46
 -30744.582     1.442     0.09    1.53
 -30455.221     1.757     1.09    1.68
 -30165.874     2.227     1.63    1.87
 -29876.539     2.998     2.67    2.24
 -29587.217     3.635     2.20    2.10
 -29297.908     4.475     2.91    1.89
 -29008.612     4.832     1.23    1.71
 -28719.329     5.195     1.26    1.72
 -28430.059     5.804     2.11    1.95
 -28140.802     6.329     1.82    2.25
 -27851.558     6.832     1.74    2.22
 -27562.327     6.755    -0.26    2.31
 -27273.108     6.799     0.15    2.42
 -26983.903     6.830     0.11    2.25
 -26694.711     6.741    -0.31    2.00
 -26405.531     6.594    -0.51    2.03
 -26116.365     6.438    -0.54    1.82
 -25827.211     6.557     0.41    1.82
 -25538.070     6.392    -0.57    1.83
 -25248.943     6.150    -0.84    1.70
 -24959.828     6.362     0.73    2.06
 -24670.726     6.257    -0.36    2.06
 -24381.637     6.320     0.22    2.17
 -24092.561     6.480     0.55    2.21
 -23803.497     6.681     0.70    2.08
 -23514.447     6.934     0.88    2.17
 -23225.410     7.113     0.62    2.21
 -22936.385     6.938    -0.61    2.02
 -22647.373     7.005     0.23    2.20
 -22358.375     6.877    -0.44    2.26
 -22069.389     6.648    -0.79    2.32
 -21780.416     6.541    -0.37    2.28
 -21491.456     6.832     1.01    2.39
 -21202.509     6.572    -0.90    2.49
 -20913.574     6.480    -0.32    2.28
 -20624.653     6.202    -0.96    2.30
 -20335.744     6.110    -0.32    2.23
 -20046.849     5.957    -0.53    2.17
 -19757.966     5.741    -0.75    2.19
 -19469.096     5.453    -1.00    2.20
 -19180.239     4.877    -1.99    2.00
 -18891.394     4.775    -0.35    1.92
 -18602.563     4.801     0.09    2.17
 -18313.745     4.839     0.13    2.15
 -18024.939     4.695    -0.50    2.12
 -17736.146     4.438    -0.89    2.17
 -17447.366     4.271    -0.58    1.89
 -17158.599     4.157    -0.40    1.85
 -16869.845     3.980    -0.61    2.00
 -16581.104     4.059     0.27    2.02
 -16292.375     3.790    -0.93    1.91
 -16003.659     3.710    -0.27    1.98
 -15714.956     3.680    -0.11    2.18
 -15426.266     3.589    -0.31    2.12
 -15137.589     3.249    -1.18    2.06
 -14848.925     3.074    -0.61    1.74
 -14560.273     2.743    -1.15    1.64
 -14271.634     2.994     0.87    1.95
 -13983.008     3.264     0.94    2.20
 -13694.395     3.589     1.13    2.34
 -13405.795     4.132     1.88    2.61
 -13117.208     4.694     1.95    2.60
 -12828.633     5.210     1.79    2.58
 -12540.071     5.243     0.11    2.45
 -12251.522     5.620     1.31    2.37
 -11962.986     6.286     2.31    2.52
 -11674.462     6.975     2.39    2.66
 -11385.952     7.089     0.40    2.66
 -11097.454     7.392     1.05    2.58
 -10808.969     7.694     1.05    2.49
 -10520.497     7.957     0.91    2.46
 -10232.037     8.029     0.25    2.47
  -9943.590     7.423    -2.10    2.31
  -9655.157     6.998    -1.47    2.39
  -9366.735     7.107     0.38    2.50
  -9078.327     7.347     0.83    2.48
  -8789.932     7.646     1.04    2.33
  -8501.549     7.756     0.38    2.40
  -8213.179     7.800     0.15    2.54
  -7924.821     7.892     0.32    2.70
  -7636.477     7.516    -1.30    2.84
  -7348.145     7.141    -1.30    2.84
  -7059.826     6.465    -2.35    2.75
  -6771.520     5.816    -2.25    2.47
  -6483.227     5.914     0.34    2.53
  -6194.946     6.044     0.45    2.55
  -5906.678     6.423     1.31    2.49
  -5618.423     6.403    -0.07    2.51
  -5330.180     6.510     0.37    2.55
  -5041.951     6.485    -0.09    2.43
  -4753.734     5.877    -2.11    2.47
  -4465.530     5.301    -2.00    2.05
  -4177.338     4.975    -1.13    2.06
  -3889.159     4.786    -0.66    1.94
  -3600.993     4.604    -0.63    1.89
  -3312.840     4.420    -0.64    1.61
  -3024.700     4.195    -0.78    1.47
  -2736.572     4.194    -0.00    1.42
  -2448.457     4.039    -0.54    1.54
  -2160.354     3.816    -0.77    1.56
  -1872.265     3.453    -1.26    1.71
  -1584.188     3.233    -0.76    1.52
  -1296.123     3.081    -0.53    1.38
  -1008.072     2.832    -0.87    1.52
   -720.033     2.679    -0.53    1.90
   -432.007     1.938    -2.57    3.07
   -143.994     0.957    -3.41    3.54
    144.007    -0.184    -3.96    3.81
    431.995    -1.336    -4.00    3.45
    719.970    -2.426    -3.78    2.90
   1007.933    -2.813    -1.35    2.72
   1295.883    -2.668     0.50    2.06
   1583.820    -1.502     4.05    2.71
   1871.745    -0.407     3.80    3.11
   2159.657     0.233     2.23    3.15
   2447.556     1.758     5.30    3.77
   2735.442     3.286     5.31    3.43
   3023.316     3.823     1.87    3.62
   3311.177     4.620     2.77    3.52
   3599.026     4.875     0.89    3.49
   3886.862     5.347     1.64    3.41
   4174.685     5.755     1.42    2.88
   4462.495     5.816     0.21    2.55
   4750.293     5.901     0.29    2.28
   5038.078     5.403    -1.73    2.19
   5325.851     5.382    -0.07    2.01
   5613.611     4.998    -1.33    2.05
   5901.358     4.574    -1.47    1.96
   6189.092     4.210    -1.26    2.06
   6476.814     3.864    -1.20    2.06
   6764.524     3.809    -0.19    2.10
   7052.220     3.695    -0.39    2.17
   7339.904     3.480    -0.75    2.27
   7627.576     3.225    -0.88    2.29
   7915.234     2.926    -1.04    2.25
   8202.880     2.741    -0.64    2.35
   8490.514     2.468    -0.95    1.98
   8778.135     2.392    -0.27    1.68
   9065.743     2.339    -0.18    1.84
   9353.338     2.372     0.11    1.83
   9640.921     2.347    -0.09    1.73
   9928.492     1.998    -1.21    1.71
  10216.050     1.618    -1.32    1.68
  10503.595     1.517    -0.35    1.67
  10791.127     1.620     0.36    1.80
  11078.647     1.404    -0.75    1.67
  11366.154     1.680     0.96    1.72
  11653.649     1.650    -0.11    1.72
  11941.131     1.740     0.31    1.70
  12228.601     1.755     0.05    1.54
  12516.058     1.910     0.54    1.83
  12803.502     2.081     0.59    1.85
  13090.934     2.187     0.37    1.85
  13378.353     2.557     1.28    2.06
  13665.759     2.938     1.33    2.13
  13953.153     2.957     0.07    1.96
  14240.535     2.864    -0.32    2.11
  14527.903     2.572    -1.02    2.25
  14815.260     2.127    -1.55    2.42
  15102.603     1.772    -1.24    2.37
  15389.934     0.979    -2.76    2.00
  15677.253     0.606    -1.30    1.56
  15964.559     0.407    -0.69    1.32
  16251.852     0.341    -0.23    1.31
  16539.133     0.404     0.22    1.25
  16827.512     0.210    -0.67    1.32
  17117.518     0.130    -0.28    1.37
  17407.511     0.257     0.44    1.28
  17697.492     0.135    -0.42    1.46
  17987.459     0.049    -0.30    1.42
  18277.414     0.074     0.09    1.47
  18567.356     0.049    -0.09    1.56
  18857.285     0.059     0.03    1.53
  19147.201     0.218     0.55    1.44
  19437.105     0.534     1.09    1.92
  19726.995     0.787     0.87    1.93
  20016.873     0.938     0.52    1.96
  20306.738     1.081     0.50    1.94
  20596.590     1.150     0.24    1.86
  20886.430     0.933    -0.75    1.97
  21176.256     0.570    -1.25    1.75
  21466.070     0.372    -0.68    1.69
  21755.871     0.135    -0.82    1.50
  22045.659     0.059    -0.26    1.44
  22335.434     0.060     0.00    1.58
  22625.197     0.187     0.44    1.64
  22914.947     0.271     0.29    1.50
  23204.684     0.218    -0.18    1.43
  23494.408     0.226     0.03    1.38
  23784.120     0.316     0.31    1.29
  24073.818     0.259    -0.20    1.30
  24363.504     0.407     0.51    1.58
  24653.177     0.282    -0.43    1.73
  24942.838     0.445     0.56    1.70
  25232.485     0.559     0.39    1.69
  25522.120     0.557    -0.01    1.70
  25811.742     0.585     0.10    1.68
  26101.352     0.695     0.38    1.63
  26390.948     0.618    -0.26    1.37
  26680.532     0.726     0.37    1.26
  26970.103     0.800     0.26    1.18
  27259.661     0.801     0.00    1.13
  27549.207     0.710    -0.31    1.05
  27838.740     0.644    -0.23    1.19
  28128.260     0.633    -0.04    1.19
  28417.767     0.789     0.54    1.30
  28707.262     1.018     0.79    1.82
  28996.744     1.218     0.69    1.84
  29286.213     1.326     0.37    1.83
  29575.669     1.615     1.00    1.71
  29865.113     1.818     0.70    1.72
  30154.544     1.787    -0.11    1.72
  30443.962     1.492    -1.02    1.35
  30733.368     1.513     0.08    1.38
  31022.760     1.695     0.63    1.62
  31312.141     1.972     0.96    1.70
  31601.508     2.033     0.21    1.75
  31890.863     2.018    -0.05    1.71
  32180.204     2.018     0.00    1.79
  32469.534     2.180     0.56    1.84
  32758.850     2.203     0.08    1.69
  33048.154     2.117    -0.30    1.56
  33337.445     2.425     1.06    1.61
  33626.724     2.680     0.88    1.69
  33915.989     2.710     0.10    1.71
  34205.243     2.787     0.27    1.56
  34494.483     2.972     0.64    1.55
  34783.711     2.862    -0.38    1.51
  35072.926     2.757    -0.36    1.53
  35362.128     2.888     0.45    1.57
  35651.318     2.938     0.17    1.67
  35940.495     3.164     0.78    1.75
  36229.659     3.256     0.32    1.78
  36518.810     3.110    -0.50    1.92
  36807.949     3.241     0.45    1.86
  37097.076     2.996    -0.85    1.78
  37386.189     2.801    -0.67    1.67
  37675.290     2.565    -0.82    1.51
  37964.379     2.233    -1.15    1.46
  38253.454     2.362     0.44    1.62
  38542.517     2.407     0.16    1.59
  38831.568     2.510     0.36    1.83
  39120.605     2.485    -0.09    1.76
  39409.630     2.604     0.41    1.83
  39698.643     2.662     0.20    1.71
  39987.643     2.892     0.80    1.86
  40276.630     2.664    -0.79    1.96
  40565.604     2.574    -0.31    1.67
  40854.566     2.680     0.37    1.69
  41143.515     2.816     0.47    1.78
  41432.452     2.823     0.02    1.76
  41721.376     2.756    -0.23    1.59
  42010.287     2.864     0.38    1.66
  42299.186     2.923     0.20    1.50
  42588.072     2.864    -0.20    1.50
  42876.946     2.452    -1.43    1.04
  43165.806     2.726     0.95    1.56
  43454.655     6.743    13.91   13.01
  43743.490    15.433    30.09   26.04
  44032.313    20.180    16.43   28.38
  44321.124    22.218     7.06   27.82
  44609.922    21.241    -3.38   26.09
  44898.707    20.301    -3.25   25.45
  45187.480    15.560   -16.42   21.28
  45476.240     7.679   -27.29    5.83
  45764.987     6.233    -5.01    1.68
  46053.722     5.875    -1.24    1.27
  46342.444     5.849    -0.09    1.18
  46631.154     5.960     0.39    1.17
  46919.851     6.171     0.73    1.25
  47208.536     6.441     0.93    1.18
  47497.207     6.546     0.37    1.20
  47785.867     6.771     0.78    1.21
  48074.514     6.799     0.10    1.29
  48363.148     7.084     0.99    1.35
  48651.770     7.351     0.93    1.33
  48940.379     7.610     0.90    1.32
  49228.975     8.453     2.92    3.22
  49517.559     9.013     1.94    3.13
  49806.131     9.561     1.90    3.04
  50094.689     9.877     1.09    3.04
  50383.236    10.110     0.81    2.94
  50671.770    10.372     0.91    2.89
  50960.291     9.938    -1.50    1.47
  51248.799    10.339     1.39    1.41
  51537.296    10.449     0.38    1.36
  51825.779    10.589     0.49    1.36
  52114.250    10.757     0.58    1.51
  52402.709    10.710    -0.16    1.54
  52691.155    10.776     0.23    1.54
  52979.588    10.847     0.25    1.36
  53268.009    11.157     1.07    1.36
  53556.417    11.423     0.92    1.51
  53844.813    11.480     0.20    1.50
  54133.197    11.574     0.33    1.54
  54421.567    11.485    -0.31    1.56
  54709.926    11.468    -0.06    1.48
  54998.271    11.581     0.39    1.51
  55286.605    11.526    -0.19    1.20
  55574.925    11.633     0.37    1.24
  55863.234    11.938     1.06    1.06
  56151.529    12.095     0.55    1.30
  56439.813    12.146     0.18    1.24
  56728.083    12.301     0.54    1.42
  57016.342    12.356     0.19    1.45
  57304.587    12.438     0.28    1.58
  57592.821    12.710     0.95    1.70
  57881.041    12.771     0.21    1.59
  58169.250    12.803     0.11    1.53
  58457.445    13.203     1.39    1.45
  58745.629    13.366     0.57    1.48
  59033.800    13.620     0.88    1.39
  59321.958    13.786     0.58    1.33
  59610.104    14.029     0.84    1.34
  59898.237    14.310     0.98    1.40
  60186.358    14.726     1.44    1.69
  60474.467    14.941     0.75    1.85
  60762.563    15.187     0.85    1.79
  61050.646    15.367     0.63    1.72
  61338.717    15.665     1.03    1.70
  61626.776    15.740     0.26    1.65
  61914.822    15.636    -0.36    1.63
  62202.856    15.572    -0.22    1.31
  62490.877    15.360    -0.73    1.34
  62778.886    15.572     0.73    1.31
  63066.882    15.892     1.11    1.45
  63354.866    15.923     0.11    1.45
  63642.837    16.316     1.37    1.53
  63930.796    16.507     0.66    1.67
  64218.743    16.791     0.99    1.90
  64506.677    17.120     1.14    1.91
  64794.599    17.195     0.26    1.94
  65082.508    17.273     0.27    1.97
  65370.405    17.695     1.47    1.93
  65658.289    17.892     0.68    2.10
  65946.161    18.572     2.36    2.14
  66234.021    18.920     1.21    2.22
  66521.868    19.529     2.11    2.50
  66809.703    20.039     1.77    2.10
  67097.525    20.604     1.97    2.37
  67385.335    20.987     1.33    2.41
  67673.133    21.544     1.93    2.34
  67960.918    22.195     2.26    2.27
  68248.691    22.832     2.21    2.12
  68536.451    23.409     2.01    2.25
  68824.199    23.862     1.57    2.35
  69111.934    24.526     2.31    2.14
  69399.657    25.059     1.85    2.00
  69687.368    25.587     1.84    1.89
  69975.066    25.885     1.03    1.87
  70262.752    26.574     2.39    1.94
  70550.426    27.162     2.04    2.34
  70838.087    27.957     2.76    2.31
  71125.736    28.606     2.26    2.15
  71413.372    29.483     3.05    2.15
  71700.996    30.457     3.38    2.40
  71988.608    31.726     4.41    2.20
  72276.207    32.494     2.67    2.17
  72563.794    33.710     4.23    2.68
  72851.369    35.085     4.78    2.94
  73138.931    36.601     5.27    3.35
  73426.481    38.256     5.75    3.88
  73714.018    39.929     5.82    3.96
  74001.543    42.351     8.42    5.69
  74289.056    45.187     9.86    8.92
  74576.557    51.972    23.60   19.06
  74864.045    65.095    45.64   32.90
  75151.520    76.941    41.21   40.22
  75438.984    90.832    48.32   43.68
  75726.435   103.892    45.43   40.91
  76013.873   117.243    46.44   36.21
  76301.300   124.851    26.47   32.01
  76588.714   133.275    29.31   26.28
  76876.115   142.241    31.19   26.95
  77163.505   155.407    45.81   37.64
  77450.882   168.464    45.43   47.51
  77738.247   188.018    68.04   55.33
  78025.599   207.495    67.78   55.96
  78312.939   223.367    55.23   51.05
  78600.267   233.615    35.67   42.44
  78887.582   238.757    17.90   38.51
  79177.530   231.241   -25.92   42.52
  79467.512   220.914   -35.61   46.74
  79757.480   206.171   -50.84   48.17
  80047.436   190.938   -52.53   43.40
  80337.380   175.465   -53.36   27.56
  80627.311   164.347   -38.34   10.53
  80917.229   160.113   -14.60    7.81
  81207.135   157.307    -9.68    6.34
  81497.028   156.546    -2.63    6.57
  81786.908   155.601    -3.26    7.51
  82076.776   156.153     1.90   10.37
  82366.632   158.310     7.44   19.20
  82656.475   159.407     3.78   21.47
  82946.305   157.938    -5.07   22.05
  83236.123   155.618    -8.00   21.07
  83525.928   149.949   -19.56   12.22
  83815.721   147.559    -8.25    9.87
  84105.501   145.823    -5.99    4.53
  84395.269   145.664    -0.55    4.70
  84685.024   146.150     1.68    5.15
  84974.767   147.241     3.76    5.39
  85264.497   148.357     3.85    8.24
  85554.215   150.649     7.91   18.96
  85843.920   149.427    -4.22   19.99
  86133.612   150.150     2.49   21.56
  86423.292   147.606    -8.78   11.98
  86712.960   147.113    -1.70   10.58
  87002.615   146.498    -2.12    7.20
  87292.257   147.757     4.34    6.35
  87581.887   148.468     2.46    5.83
  87871.504   149.851     4.77    5.72
  88161.109   151.007     3.99    5.44
  88450.702   152.126     3.86    5.79
  88740.282   153.526     4.83    6.27
  89029.849   155.202     5.79    6.60
  89319.404   156.680     5.10    8.62
  89608.946   158.485     6.23    9.46
  89898.476   159.572     3.76   11.42
  90187.994   158.487    -3.75   11.55
  90477.499   156.665    -6.29   11.98
  90766.991   154.457    -7.63   11.38
  91056.471   153.772    -2.37   10.20
  91345.939   154.894     3.88   11.06
  91635.394   164.882    34.51   32.44
  91924.836   186.832    75.83   53.69
  92214.266   205.604    64.86   59.88
  92503.684   218.233    43.63   59.38
  92793.089   240.726    77.71   58.77
  93082.482   249.790    31.32   51.98
  93371.862   248.028    -6.09   48.08
  93661.230   233.310   -50.86   40.04
  93950.585   225.772   -26.05   32.26
  94239.928   221.890   -13.42   27.15
  94529.258   218.280   -12.48   18.76
  94818.576   217.617    -2.29   17.26
  95107.882   217.660     0.15   16.33
  95397.175   216.064    -5.52   14.21
  95686.456   215.218    -2.93   11.79
  95975.724   215.150    -0.24   10.91
  96264.979   216.218     3.69    9.50
  96554.223   215.059    -4.01    8.88
  96843.454   213.485    -5.44    8.14
  97132.672   212.510    -3.37    8.20
  97421.878   210.710    -6.22    7.62
  97711.072   211.741     3.56   10.02
  98000.253   212.649     3.14   11.04
  98289.422   215.773    10.80   12.02
  98578.578   217.992     7.67   11.29
  98867.722   220.307     8.01   10.37
  99156.853   221.664     4.69   10.46
  99445.972   223.241     5.45    9.75
  99735.079   224.442     4.15    9.81
 100024.173   226.188     6.04    9.73
 100313.255   228.953     9.56   10.19
 100602.325   231.994    10.52   10.16
 100891.382   234.249     7.80    9.83
 101180.426   234.914     2.30    8.35
 101469.458   234.180    -2.54    8.56
 101758.478   232.453    -5.98    9.00
 102047.486   231.304    -3.97    8.53
 102336.481   230.065    -4.29    7.97
 102625.464   231.377     4.54    8.74
 102914.434   233.001     5.62    9.16
 103203.392   236.945    13.65   11.76
 103492.337   242.941    20.75   14.44
 103781.271   250.387    25.77   16.96
 104070.191   258.949    29.63   17.66
 104359.100   265.017    21.00   16.46
 104647.996   271.104    21.07   13.38
 104936.880   276.242    17.78   10.13
 105225.751   279.695    11.95    9.35
 105514.610   282.680    10.33    8.39
 105803.457   284.059     4.77    8.34
 106092.291   284.936     3.04    7.90
 106381.113   284.013    -3.19    8.06
 106669.922   283.678    -1.16    8.24
 106958.720   281.833    -6.39    9.01
 107247.504   280.726    -3.84    9.04
 107536.277   281.585     2.98    7.73
 107825.037   282.257     2.33    7.46
 108113.785   284.155     6.57    7.07
 108402.520   284.853     2.42    6.74
 108691.244   286.377     5.28    6.32
 108979.954   285.945    -1.50    7.14
 109268.653   285.680    -0.92    7.33
 109557.339   286.960     4.44    8.16
 109846.013   289.187     7.71    9.61
 110134.674   296.392    24.96   20.08
 110423.324   307.596    38.81   31.16
 110711.960   321.301    47.48   37.76
 111000.585   331.457    35.18   38.99
 111289.197   338.785    25.39   37.65
 111577.797   344.832    20.95   35.47
 111866.385   347.289     8.51   35.67
 112154.960   350.005     9.41   35.23
 112443.523   348.310    -5.87   34.23
 112732.074   350.029     5.95   32.53
 113020.612   352.316     7.93   34.26
 113309.138   355.664    11.60   35.73
 113597.652   365.869    35.37   45.54
 113886.154   368.507     9.14   48.84
 114174.643   371.726    11.16   56.45
 114463.120   369.322    -8.33   58.86
 114751.585   363.998   -18.45   56.88
 115040.037   354.143   -34.16   47.61
 115328.477   343.800   -35.86   30.00
 115616.905   333.664   -35.14   11.30
 115905.321   331.627    -7.06    7.79
 116193.724   330.941    -2.38    6.53
 116482.115   330.786    -0.54    5.70
 116770.494   330.591    -0.68    4.82
 117058.860   330.544    -0.16    4.65
 117347.214   330.541    -0.01    4.63
 117635.556   330.936     1.37    4.60
 117923.886   331.150     0.74    4.79
 118212.203   331.710     1.94    4.76
 118500.509   332.179     1.63    4.26
 118788.802   332.680     1.74    4.21
 119077.082   333.326     2.24    3.95
 119365.351   333.726     1.39    3.55
 119653.607   333.517    -0.73    3.78
 119941.851   332.513    -3.48    3.92
 120230.082   331.298    -4.22    3.82
 120518.302   330.135    -4.03    3.71
 120806.509   328.649    -5.15    3.36
 121094.704   327.650    -3.47    3.49
 121382.887   326.570    -3.75    3.43
 121671.057   325.351    -4.23    3.37
 121959.216   323.952    -4.85    3.49
 122247.362   322.157    -6.23    3.93
 122535.496   320.832    -4.60    3.92
 122823.617   319.418    -4.91    4.06
 123111.727   318.280    -3.95    3.94
 123399.824   316.910    -4.75    4.06
 123687.909   315.599    -4.55    4.20
 123975.982   313.872    -6.00    4.36
 124264.042   312.476    -4.84    4.56
 124552.091   310.695    -6.18    4.12
 124840.127   309.507    -4.12    3.92
 125128.151   308.488    -3.54    3.55
 125416.163   308.271    -0.75    3.42
 125704.162   307.465    -2.80    3.41
 125992.150   307.264    -0.70    3.50
 126280.125   306.964    -1.04    3.62
 126568.088   306.877    -0.30    3.97
 126856.039   306.770    -0.37    3.96
 127143.977   306.329    -1.53    3.96
 127431.904   305.494    -2.90    4.13
 127719.818   304.572    -3.20    4.13
 128007.720   303.460    -3.86    4.22
 128295.610   302.280    -4.10    4.26
 128583.488   301.286    -3.45    4.02
 128871.354   300.257    -3.57    3.67
 129159.207   299.098    -4.03    2.92
 129447.048   298.617    -1.67    3.17
 129734.877   298.123    -1.71    3.41
 130022.694   298.132     0.03    3.52
 130310.499   298.049    -0.29    3.73
 130598.292   298.089     0.14    4.07
 130886.072   297.941    -0.51    4.49
 131173.841   297.356    -2.03    4.42
 131461.597   296.892    -1.61    4.73
 131749.341   296.307    -2.03    4.43
 132037.073   296.529     0.77    5.00
 132324.792   297.249     2.50    5.65
 132612.500   297.650     1.39    5.89
 132900.196   297.914     0.92    5.73
 133187.879   299.233     4.59    5.66
 133475.550   300.776     5.36    5.00
 133763.209   301.987     4.21    4.91
 134050.856   303.080     3.80    4.65
 134338.491   303.559     1.67    4.35
 134626.114   303.987     1.49    4.18
 134913.724   303.314    -2.34    4.48
 135201.323   302.472    -2.92    4.73
 135488.909   300.409    -7.17    4.81
 135776.483   298.033    -8.26    4.98
 136064.045   295.649    -8.29    4.94
 136351.595   294.089    -5.42    5.11
 136639.133   292.710    -4.79    5.40
 136926.659   291.085    -5.65    4.79
 137214.173   289.844    -4.32    4.46
 137501.674   289.695    -0.52    5.06
 137789.164   289.633    -0.21    6.19
 138076.641   289.226    -1.42    6.51
 138364.107   288.449    -2.70    6.41
 138651.560   287.572    -3.05    6.49
 138939.001   286.468    -3.84    6.26
 139226.430   285.816    -2.27    5.84
 139513.847   284.710    -3.85    5.04
 139801.252   283.774    -3.26    4.41
 140088.645   283.141    -2.20    4.10
 140376.025   283.526     1.34    5.60
 140663.394   284.539     3.52    6.89
 140950.751   284.968     1.50    7.44
 141239.592   285.650     2.36    7.84
 141529.566   285.904     0.88    7.85
 141819.527   286.007     0.36    7.65
 142109.476   284.341    -5.75    7.23
 142399.413   283.242    -3.79    6.09
 142689.338   282.345    -3.09    5.97
 142979.250   282.557     0.73    6.28
 143269.150   282.494    -0.22    6.10
 143559.037   282.226    -0.93    6.48
 143848.913   281.033    -4.11    6.38
 144138.776   280.135    -3.10    6.62
 144428.626   279.398    -2.54    6.02
 144718.465   278.180    -4.20    6.16
 145008.291   276.388    -6.18    5.79
 145298.104   275.923    -1.61    5.71
 145587.906   275.080    -2.91    5.67
 145877.695   273.818    -4.35    5.86
 146167.472   273.117    -2.42    5.70
 146457.237   272.710    -1.40    5.41
 146746.989   272.429    -0.97    5.42
 147036.729   271.630    -2.76    5.53
 147326.457   271.107    -1.80    5.19
 147616.172   270.987    -0.41    5.21
 147905.876   270.851    -0.47    5.34
 148195.567   269.504    -4.65    4.91
 148485.245   268.498    -3.47    4.43
 148774.912   267.907    -2.04    4.20
 149064.566   269.135     4.24    5.45
 149354.208   270.541     4.86    6.18
 149643.838   271.695     3.99    6.54
 149933.455   273.570     6.47    5.99
 150223.060   273.464    -0.36    6.86
 150512.653   272.169    -4.47    8.10
 150802.234   270.003    -7.48    8.89
 151091.802   267.526    -8.55    8.78
 151381.358   265.074    -8.47    8.04
 151670.902   263.910    -4.02    7.57
 151960.434   262.851    -3.66    7.06
 152249.953   261.570    -4.42    6.65
 152539.461   260.468    -3.80    5.99
 152828.956   260.539     0.24    6.47
 153118.438   261.059     1.80    6.94
 153407.909   260.242    -2.82    6.54
 153697.367   259.631    -2.11    6.62
 153986.813   259.332    -1.03    7.04
 154276.247   259.071    -0.90    7.00
 154565.669   257.510    -5.39    6.66
 154855.078   257.039    -1.63    6.32
 155144.476   256.332    -2.44    5.96
 155433.861   255.800    -1.84    5.74
 155723.233   255.049    -2.60    5.53
 156012.594   254.610    -1.52    5.32
 156301.943   255.257     2.24    6.02
 156591.279   255.210    -0.16    6.37
 156880.603   254.786    -1.47    6.37
 157169.915   255.141     1.23    7.15
 157459.214   255.880     2.55    7.33
 157748.502   256.536     2.27    7.19
 158037.777   256.171    -1.26    7.10
 158327.040   256.289     0.41    7.38
 158616.291   255.310    -3.38    7.99
 158905.530   255.126    -0.64    8.68
 159194.756   255.398     0.94    8.85
 159483.970   253.603    -6.21    9.17
 159773.173   251.858    -6.03    8.75
 160062.363   249.618    -7.74    8.85
 160351.540   248.113    -5.20    9.39
 160640.706   248.423     1.07   10.38
 160929.860   248.293    -0.45   10.57
 161219.001   247.335    -3.31   10.33
 161508.130   246.827    -1.76    9.70
 161797.247   247.218     1.35    9.06
 162086.352   245.849    -4.74    8.68
 162375.445   243.785    -7.14    7.30
 162664.525   242.741    -3.61    7.38
 162953.594   241.557    -4.10    7.48
 163242.650   240.791    -2.65    7.83
 163531.694   241.498     2.45    7.12
 163820.726   242.314     2.82    6.93
 164109.746   245.203    10.00    7.61
 164398.754   247.570     8.19    8.94
 164687.749   249.882     8.00    9.14
 164976.733   252.632     9.51    8.64
 165265.704   255.162     8.75    7.17
 165554.663   256.449     4.45    6.29
 165843.610   256.972     1.81    6.18
 166132.545   255.544    -4.94    7.35
 166421.468   254.271    -4.40    7.98
 166710.379   252.710    -5.40    9.20
 166999.277   250.394    -8.02   11.18
 167288.164   248.226    -7.50   12.68
 167577.038   245.757    -8.55   14.99
 167865.900   243.104    -9.18   15.86
 168154.750   238.141   -17.18   16.12
 168443.589   232.601   -19.18   14.81
 168732.414   226.581   -20.84   13.28
 169021.228   221.074   -19.07   13.67
 169310.030   215.985   -17.62   12.81
 169598.820   210.187   -20.07   10.26
 169887.597   207.141   -10.54    8.97
 170176.363   204.941    -7.62    7.85
 170465.116   203.679    -4.37    8.99
 170753.857   201.425    -7.81    9.47
 171042.587   201.393    -0.11   11.70
 171331.304   200.234    -4.01   12.34
 171620.009   200.273     0.13   13.03
 171908.702   199.049    -4.24   12.64
 172197.383   198.429    -2.15   12.13
 172486.052   197.282    -3.97   10.96
 172774.708   195.589    -5.86    9.88
 173063.353   193.465    -7.36    9.19
 173351.986   190.620    -9.86    8.18
 173640.606   187.864    -9.55    7.42
 173929.215   185.173    -9.32    6.66
 174217.811   182.559    -9.06    6.48
 174506.396   179.387   -10.99    6.94
 174794.968   177.060    -8.06    7.35
 175083.528   174.742    -8.03    7.35
 175372.077   175.013     0.94    6.95
 175660.613   175.316     1.05    7.06
 175949.137   176.772     5.04    8.26
 176237.649   180.117    11.59    9.61
 176526.149   183.726    12.51    9.41
 176814.637   187.710    13.81    7.97
 177103.113   189.757     7.09    7.53
 177391.577   191.003     4.32    6.36
 177680.029   192.249     4.32    5.50
 177968.469   192.110    -0.48    5.61
 178256.897   191.018    -3.79    6.33
 178545.313   188.744    -7.88    6.32
 178833.717   188.007    -2.55    6.13
 179122.109   187.397    -2.12    5.62
 179410.489   187.591     0.67    5.63
 179698.857   188.367     2.69    6.49
 179987.213   190.332     6.81    7.53
 180275.556   193.060     9.46    7.47
 180563.888   195.476     8.38    7.60
 180852.208   198.882    11.81    8.80
 181140.516   202.570    12.79    9.28
 181428.812   205.941    11.69   10.55
 181717.095   209.414    12.04   11.15
 182005.367   212.646    11.21   11.68
 182293.627   217.998    18.57   16.66
 182581.875   223.823    20.21   19.48
 182870.111   228.341    15.67   18.49
 183158.335   233.972    19.53   18.77
 183446.546   242.195    28.53   22.05
 183734.746   253.898    40.60   30.50
 184022.934   269.243    53.24   42.19
 184311.110   289.347    69.75   53.03
 184599.274   320.710   108.83   71.75
 184887.426   355.460   120.58   78.84
 185175.566   384.464   100.65   75.07
 185463.694   396.867    43.04   71.52
 185751.811   384.898   -41.54   72.03
 186039.915   374.526   -36.00   81.54
 186328.007   351.110   -81.27   84.26
 186616.087   315.968  -121.97   81.05
 186904.155   287.412   -99.12   67.61
 187192.212   262.786   -85.48   43.09
 187480.256   249.964   -44.51   25.35
 187768.289   246.148   -13.25   23.27
 188056.309   247.944     6.23   30.49
 188344.318   252.164    14.65   36.41
 188632.314   251.587    -2.00   37.80
 188920.299   253.070     5.15   38.31
 189208.272   251.464    -5.57   38.81
 189496.232   251.433    -0.11   40.18
 189784.181   240.533   -37.85   29.51
 190072.118   233.790   -23.42   21.27
 190360.043   228.839   -17.19   17.76
 190647.956   225.957   -10.01   17.94
 190935.857   221.923   -14.01   17.15
 191223.747   216.526   -18.74   11.06
 191511.624   211.557   -17.26    8.04
 191799.489   208.678   -10.00    6.75
 192087.343   206.864    -6.30    5.96
 192375.184   205.742    -3.90    6.24
 192663.014   203.664    -7.22    6.80
 192950.832   200.633   -10.53    6.77
 193238.638   197.907    -9.47    7.89
 193526.432   195.743    -7.52    8.35
 193814.214   193.460    -7.93    7.96
 194101.984   190.792    -9.27    7.77
 194389.742   187.926    -9.96    6.98
 194677.489   186.120    -6.28    6.26
 194965.223   185.526    -2.06    5.96
 195252.946   185.264    -0.91    6.26
 195540.656   184.972    -1.02    6.38
 195828.355   185.065     0.32    6.94
 196116.042   184.992    -0.26    6.89
 196403.717   184.335    -2.28    6.93
 196691.381   182.445    -6.57    6.58
 196979.032   181.414    -3.58    6.30
 197266.671   179.976    -5.00    6.64
 197554.299   179.039    -3.26    6.62
 197841.915   178.114    -3.22    6.19
 198129.518   178.074    -0.14    6.46
 198417.110   178.620     1.90    7.57
 198704.691   180.498     6.53    9.10
 198992.259   182.755     7.85   10.21
 199279.815   185.710    10.28    9.73
 199567.360   187.360     5.74    8.48
 199854.893   188.203     2.93    7.29
 200142.413   188.787     2.03    6.79
 200429.922   189.332     1.89    6.21
 200717.420   189.326    -0.02    6.21
 201004.905   188.110    -4.23    6.62
 201292.378   186.791    -4.59    6.89
 201579.840   186.513    -0.97    6.95
 201867.290   187.339     2.87    6.25
 202154.728   188.914     5.48    7.11
 202442.154   190.710     6.25    7.86
 202729.568   193.398     9.35    8.44
 203016.971   196.289    10.06    7.64
 203304.772   198.187     6.59    6.32
 203594.731   198.901     2.46    6.14
 203884.677   197.377    -5.25    6.70
 204174.612   195.647    -5.97    7.68
 204464.534   192.414   -11.15    8.13
 204754.444   188.695   -12.83    8.96
 205044.343   183.936   -16.41    7.91
 205334.229   180.544   -11.70    7.54
 205624.103   178.275    -7.83    6.78
 205913.965   176.132    -7.39    6.29
 206203.815   174.203    -6.66    6.88
 206493.653   173.003    -4.14    7.25
 206783.479   170.773    -7.69    6.80
 207073.293   169.039    -5.98    7.02
 207363.095   167.677    -4.70    6.80
 207652.885   165.256    -8.35    6.95
 207942.662   163.377    -6.48    6.84
 208232.428   161.427    -6.73    6.53
 208522.182   159.541    -6.51    6.09
 208811.924   158.460    -3.73    6.29
 209101.653   157.481    -3.38    5.67
 209391.371   157.049    -1.49    6.92
 209681.077   156.064    -3.40    8.18
 209970.770   154.832    -4.25    8.81
 210260.452   154.892     0.21    9.36
 210550.122   152.853    -7.04    8.68
 210839.779   152.726    -0.44    8.71
 211129.425   151.194    -5.29    8.72
 211419.059   151.091    -0.36    8.77
 211708.680   150.226    -2.99    8.80
 211998.290   149.648    -2.00    8.91
 212287.887   148.345    -4.50    7.90
 212577.473   148.301    -0.15    7.96
 212867.047   148.420     0.41    7.58
 213156.608   148.310    -0.38    7.04
 213446.158   148.801     1.70    6.99
 213735.696   149.203     1.39    7.72
 214025.221   148.741    -1.59    9.02
 214314.735   146.572    -7.49    9.66
 214604.237   143.894    -9.25   10.53
 214893.726   139.949   -13.63    9.53
 215183.204   136.203   -12.94    9.09
 215472.670   133.044   -10.91    6.92
 215762.124   130.666    -8.21    6.26
 216051.566   128.617    -7.08    5.59
 216340.996   128.127    -1.69    6.32
 216630.414   128.054    -0.25    7.38
 216919.820   128.695     2.21    7.76
 217209.214   129.332     2.20    7.84
 217498.596   130.710     4.76    7.70
 217787.966   131.510     2.76    6.63
 218077.324   131.615     0.36    5.54
 218366.670   131.139    -1.65    4.75
 218656.005   130.664    -1.64    4.54
 218945.327   129.480    -4.09    4.65
 219234.637   127.726    -6.06    5.28
 219523.936   125.304    -8.37    5.83
 219813.222   122.495    -9.71    6.56
 220102.497   119.235   -11.27    6.44
 220391.759   116.960    -7.86    6.36
 220681.010   114.165    -9.66    5.98
 220970.249   111.498    -9.22    5.61
 221259.476   109.516    -6.85    5.43
 221548.691   107.570    -6.73    5.07
 221837.894   106.460    -3.84    4.82
 222127.085   104.789    -5.78    4.79
 222416.264   102.907    -6.50    5.27
 222705.431   101.029    -6.50    5.49
 222994.587    98.544    -8.59    5.97
 223283.730    95.480   -10.60    5.94
 223572.862    92.530   -10.20    5.32
 223861.981    90.286    -7.76    5.25
 224151.089    88.710    -5.45    4.91
 224440.185    87.429    -4.43    3.85
 224729.269    87.362    -0.23    3.65
 225018.341    88.250     3.07    4.81
 225307.401    90.468     7.67    6.73
 225596.449    94.304    13.27    8.21
 225885.486    97.662    11.62    8.41
 226174.510   102.075    15.27    7.48
 226463.523   105.242    10.95    6.54
 226752.524   107.403     7.48    5.63
 227041.513   108.787     4.79    5.83
 227330.490   109.356     1.97    6.39
 227619.455   109.295    -0.21    6.99
 227908.408   108.663    -2.19    7.47
 228197.349   108.054    -2.11    6.85
 228486.279   107.680    -1.30    5.94
 228775.196   108.664     3.41    5.76
 229064.102   109.420     2.62    5.44
 229352.996   111.054     5.66    6.03
 229641.878   113.022     6.81    6.60
 229930.748   115.332     7.99    6.17
 230219.607   117.603     7.86    5.69
 230508.453   120.310     9.37    5.51
 230797.288   122.726     8.36    5.30
 231086.111   124.833     7.30    5.00
 231374.922   125.960     3.90    4.77
 231663.721   127.018     3.66    4.82
 231952.508   127.923     3.13    4.91
 232241.284   127.464    -1.59    5.53
 232530.047   127.187    -0.96    6.13
 232818.799   127.226     0.13    6.44
 233107.539   126.952    -0.95    6.66
 233396.267   126.130    -2.85    5.85
 233684.983   126.679     1.90    5.60
 233973.688   127.539     2.98    5.39
 234262.380   128.552     3.51    5.45
 234551.061   129.552     3.46    5.14
 234839.730   130.583     3.57    5.06
 235128.387   131.856     4.41    5.37
 235417.033   132.742     3.07    5.66
 235705.666   134.280     5.33    5.79
 235994.288   135.449     4.05    6.02
 236282.898   136.926     5.12    5.70
 236571.496   139.132     7.64    5.79
 236860.083   139.660     1.83    5.52
 237148.657   141.039     4.77    5.68
 237437.220   142.725     5.84    5.70
 237725.771   144.089     4.73    5.53
 238014.310   145.755     5.77    5.42
 238302.837   147.310     5.39    4.92
 238591.353   148.760     5.02    4.58
 238879.857   150.480     5.96    4.72
 239168.349   152.679     7.62    4.79
 239456.829   154.218     5.33    4.89
 239745.298   155.544     4.59    4.93
 240033.754   156.132     2.04    4.85
 240322.199   156.081    -0.18    5.01
 240610.632   155.195    -3.07    5.45
 240899.054   153.985    -4.20    5.69
 241187.463   152.409    -5.46    5.54
 241475.861   150.460    -6.75    5.25
 241764.247   148.298    -7.50    5.24
 242052.622   147.060    -4.29    5.99
 242340.984   145.615    -5.01    5.89
 242629.335   144.599    -3.52    6.02
 242917.674   142.234    -8.20    5.79
 243206.002   139.726    -8.70    6.26
 243494.317   137.449    -7.90    5.74
 243782.621   135.964    -5.15    5.01
 244070.913   135.259    -2.45    4.91
 244359.193   135.332     0.25    5.53
 244647.462   136.194     2.99    6.51
 244935.719   136.818     2.16    6.51
 245223.964   137.049     0.80    6.74
 245512.197   137.756     2.45    6.86
 245800.419   138.570     2.82    7.00
 246088.629   138.320    -0.87    6.98
 246376.827   137.427    -3.10    6.66
 246665.014   137.833     1.41    6.19
 246953.189   138.561     2.52    5.64
 247241.352   140.498     6.72    5.05
 247529.503   142.800     7.99    6.03
 247817.643   144.914     7.33    6.52
 248105.771   146.410     5.19    6.61
 248393.887   147.351     3.26    5.81
 248681.991   146.476    -3.04    6.43
 248970.084   145.664    -2.82    6.95
 249258.165   143.464    -7.63    7.39
 249546.235   140.409   -10.60    6.62
 249834.292   137.372   -10.54    5.40
 250122.338   134.398   -10.32    5.66
 250410.373   132.194    -7.65    6.96
 250698.395   129.504    -9.34    7.75
 250986.406   127.101    -8.34    7.64
 251274.405   125.726    -4.77    6.87
 251562.393   124.091    -5.67    5.67
 251850.369   122.468    -5.63    5.36
 252138.333   122.492     0.08    5.97
 252426.285   122.806     1.09    6.28
 252714.226   123.960     4.01    5.95
 253002.155   124.633     2.34    6.13
 253290.073   125.773     3.96    6.43
 253577.979   127.194     4.94    6.51
 253865.873   128.648     5.05    6.66
 254153.755   130.448     6.25    7.42
 254441.626   132.787     8.12    7.89
 254729.485   135.757    10.31    8.36
 255017.333   137.832     7.21    8.99
 255305.169   138.603     2.68    8.96
 255592.993   139.867     4.39    8.08
 255880.806   140.927     3.68    7.66
 256168.606   140.757    -0.59    7.42
 256456.396   140.561    -0.68    6.99
 256744.173   139.804    -2.63    6.75
 257031.939   140.286     1.67    6.93
 257319.694   140.341     0.19    7.70
 257607.436   140.956     2.14    8.01
 257895.167   142.310     4.71    8.71
 258182.887   144.504     7.62    8.92
 258470.595   146.351     6.42    9.61
 258758.291   147.585     4.29    8.83
 259045.975   147.488    -0.34    8.29
 259333.648   146.807    -2.37    8.50
 259621.310   144.282    -8.78    8.44
 259908.959   142.533    -6.08    8.25
 260196.597   140.242    -7.96    7.71
 260484.224   137.541    -9.39    7.01
 260771.839   134.080   -12.03    7.01
 261059.442   131.298    -9.67    7.41
 261347.033   129.162    -7.42    7.54
 261634.614   128.468    -2.41    6.63
 261922.182   128.250    -0.76    5.79
 262209.739   129.539     4.48    6.15
 262497.284   131.033     5.20    7.07
 262784.818   133.632     9.04    7.73
 263072.340   137.273    12.66    8.64
 263359.850   140.742    12.06    8.28
 263647.349   143.294     8.88    7.89
 263934.836   145.157     6.48    7.13
 264222.312   146.203     3.64    6.74
 264509.776   147.195     3.45    8.03
 264797.228   146.188    -3.50    8.82
 265084.669   143.335    -9.92    8.82
 265372.099   140.677    -9.25    8.56
 265661.424   139.039    -5.66    7.87
 265951.361   137.403    -5.64    8.04
 266241.286   135.526    -6.47    6.45
 266531.199   135.157    -1.27    8.58
 266821.100   133.233    -6.63    7.33
 267110.990   131.388    -6.37    7.21
 267400.868   129.007    -8.21    6.29
 267690.734   127.523    -5.12    6.37
 267980.588   126.351    -4.04    6.26
 268270.430   126.242    -0.38    6.49
 268560.261   125.101    -3.93    6.18
 268850.079   125.060    -0.14    6.20
 269139.886   125.314     0.88    7.48
 269429.682   126.171     2.96    8.26
 269719.465   125.541    -2.17    8.27
 270009.237   125.316    -0.78    8.39
 270298.997   124.972    -1.19    7.69
 270588.745   125.085     0.39    7.28
 270878.481   123.777    -4.51    5.95
 271168.206   122.195    -5.46    6.04
 271457.919   120.559    -5.65    5.70
 271747.620   119.898    -2.28    5.53
 272037.309   120.248     1.21    6.11
 272326.987   120.429     0.63    6.32
 272616.652   120.844     1.43    6.22
 272906.306   121.398     1.91    6.11
 273195.949   123.487     7.21    6.44
 273485.579   124.074     2.03    6.51
 273775.198   123.069    -3.47    6.79
 274064.805   121.295    -6.12    6.88
 274354.400   120.977    -1.10    6.49
 274643.984   121.603     2.16    6.48
 274933.556   122.242     2.21    6.57
 275223.116   123.541     4.49    6.60
 275512.664   125.316     6.13    6.98
 275802.201   126.945     5.62    6.59
 276091.726   127.952     3.48    5.93
 276381.239   127.847    -0.36    6.83
 276670.741   128.123     0.95    6.88
 276960.230   128.456     1.15    7.02
 277249.708   127.304    -3.98    6.76
 277539.175   125.049    -7.79    6.57
 277828.629   124.420    -2.17    6.90
 278118.072   123.429    -3.42    7.63
 278407.503   122.920    -1.76    7.23
 278696.923   121.933    -3.41    7.25
 278986.331   122.101     0.58    6.74
 279275.727   122.187     0.30    6.79
 279565.111   122.012    -0.61    6.33
 279854.484   122.146     0.46    6.82
 280143.845   121.195    -3.29    6.66
 280433.194   119.742    -5.02    6.79
 280722.532   118.304    -4.97    6.80
 281011.858   115.544    -9.54    6.88
 281301.172   113.382    -7.47    6.26
 281590.474   111.436    -6.73    5.76
 281879.765   110.695    -2.56    5.40
 282169.044   110.583    -0.39    5.32
 282458.312   110.429    -0.53    5.08
 282747.568   109.941    -1.69    5.28
 283036.812   110.483     1.87    5.83
 283326.044   111.383     3.11    6.05
 283615.265   111.007    -1.30    6.66
 283904.474   109.544    -5.06    6.23
 284193.672   107.433    -7.30    6.22
 284482.858   106.803    -2.18    5.69
 284772.032   106.449    -1.22    5.65
 285061.194   106.583     0.47    5.48
 285350.345   105.618    -3.34    5.61
 285639.484   104.399    -4.22    5.32
 285928.612   103.741    -2.27    5.21
 286217.728   104.157     1.44    5.41
 286506.832   105.007     2.94    5.42
 286795.925   106.320     4.54    6.05
 287085.006   108.476     7.46    6.83
 287374.075   110.549     7.17    6.61
 287663.133   113.210     9.20    7.39
 287952.179   115.664     8.49    7.26
 288241.213   116.680     3.51    6.48
 288530.236   116.679    -0.00    6.45
 288819.247   115.250    -4.94    7.62
 289108.247   113.949    -4.50    7.87
 289397.235   111.775    -7.52    7.17
 289686.211   110.565    -4.19    5.76
 289975.175   110.295    -0.93    6.12
 290264.129   111.429     3.92    6.60
 290553.070   113.648     7.68    7.78
 290842.000   116.372     9.43    7.58
 291130.918   118.792     8.38    7.45
 291419.825   121.271     8.58    7.06
 291708.720   122.864     5.51    6.57
 291997.603   123.157     1.01    6.31
 292286.475   122.423    -2.54    6.34
 292575.335   120.867    -5.39    6.98
 292864.184   118.794    -7.18    7.61
 293153.021   116.647    -7.43    7.53
 293441.846   115.457    -4.12    7.26
 293730.660   114.559    -3.11    7.15
 294019.462   115.621     3.68    7.83
 294308.253   118.187     8.89    9.27
 294597.032   122.427    14.68    9.02
 294885.800   125.648    11.15    9.16
 295174.556   127.914     7.84    8.28
 295463.300   129.033     3.88    7.60
 295752.033   129.110     0.27    7.45
 296040.754   127.710    -4.85    7.65
 296329.464   125.839    -6.48    7.74
 296618.162   123.877    -6.80    7.95
 296906.848   122.565    -4.54    6.90
 297195.523   121.028    -5.32    6.61
 297484.187   120.117    -3.16    6.56
 297772.838   119.492    -2.16    7.29
 298061.479   117.615    -6.50    8.24
 298350.107   115.123    -8.63    8.31
 298638.725   111.646   -12.05    7.59
 298927.330   109.039    -9.03    7.33
 299215.924   106.789    -7.79    6.79
 299504.507   105.195    -5.52    7.05
 299793.078   103.101    -7.25    6.69
 300081.637   100.839    -7.84    6.21
 300370.185    99.304    -5.32    6.29
 300658.722    98.996    -1.07    6.22
 300947.247    98.349    -2.24    5.97
 301235.760    97.933    -1.44    6.25
