#   63.839   0.117   2.045 ;Mean Elev.(m), Avg Gradient(m/km), RMS Gradient(m/km) - SRTM1     
#   66.983   0.151   1.754 ;Mean Elev.(m), Avg Gradient(m/km), RMS Gradient(m/km) - ASTER GDEM
#   64.126   0.095   2.106 ;Mean Elev.(m), Avg Gradient(m/km), RMS Gradient(m/km) - GMTED2010 
   7  83.003859  25.204954    64.032    64.032  2 54726.01926224 37.223
   9  82.997469  25.205776    68.402    65.291  3 54745.85055646 37.380
  10  82.997307  25.206093    63.567    63.543  3 54755.76620278 47.592
  11  82.999778  25.203325    62.981    62.981  2 54765.68184845 49.277
  12  82.999768  25.205112    63.201    63.201  2 54775.59749005 43.235
  13  82.999907  25.205152    63.016    63.016  2 54785.51312965 40.820
  14  83.001711  25.203266    62.715    62.715  2 54795.42876860 40.355
  15  83.004369  25.204669    62.071    62.071  2 54805.34440664 40.171
  19  83.000348  25.205085    62.384    62.384  2 54845.00698086 39.401
  20  82.998501  25.204660    62.035    62.035  2 54854.92262990 40.159
  21  82.998947  25.203448    61.588    61.588  2 54864.83827897 41.986
  22  82.998734  25.204412    61.753    61.753  2 54874.75392705 39.592
  23  82.999488  25.203343    61.472    61.472  2 54884.66957291 42.224
  24  82.997532  25.204966    60.936    60.985  3 54894.58521455 38.361
  25  82.994895  25.206819    61.014    60.913  3 54904.50085356 36.514
  26  82.995126  25.206021    60.488    60.487  3 54914.41649244 29.931
  27  82.997031  25.205490    60.409    60.399  3 54924.33213111 27.340
  28  83.001573  25.203073    60.640    60.640  2 54934.24776972 34.928
  29  83.004756  25.205167    60.471    60.471  2 54944.16340537 31.254
  32  83.003101  25.204949    60.155    60.155  2 54973.91033258 31.164
  33  83.003224  25.203874    60.220    60.220  2 54983.82598018 38.454
  34  83.004018  25.204977    68.399    68.399  2 54993.74162715 32.833
  36  83.003268  25.204388    60.197    60.197  2 55013.57291708 33.740
  37  83.001996  25.204065    61.042    61.042  2 55023.48855969 38.250
  38  83.001526  25.204666    79.400    79.400  2 55033.40420172 24.839
  39  83.003469  25.204482    79.317    79.317  2 55043.31984359 30.082
  40  83.006429  25.205952    69.017    69.017  2 55053.23548377 39.092
  43  83.001858  25.204338    77.525    77.525  2 55082.98241507 32.301
  44  82.999153  25.203508    66.196    66.196  2 55092.89806150 53.741
  45  82.997452  25.205809    64.279    64.448  3 55102.81370700 47.968
  46  82.999018  25.204206    62.406    62.406  2 55112.72935320 38.765
  48  83.001502  25.203412    63.201    63.201  2 55132.56063745 43.048
  49  83.001301  25.203384    62.709    62.709  2 55142.47627607 40.894
  50  83.000697  25.205235    60.983    60.983  2 55152.39191401 37.050
  51  83.003393  25.204381    62.135    62.135  2 55162.30755332 37.475
  55  83.003110  25.204106    60.648    60.648  2 55201.97013031 39.467
  56  83.000529  25.203783    60.563    60.563  2 55211.88577966 39.255
  57  82.999734  25.204608    60.960    60.960  2 55221.80142831 38.381
  58  83.000113  25.203484    60.268    60.268  2 55231.71707613 40.032
  59  83.000188  25.203676    60.203    60.203  2 55241.63272046 39.070
  60  82.997468  25.206380    60.806    60.416  3 55251.54836056 35.249
  61  82.996392  25.204783    78.316    78.612  3 55261.46399966 25.068
  62  82.996550  25.205320    78.624    78.450  3 55271.37963778 24.290
  63  83.000067  25.203254    59.895    59.895  2 55281.29527678 34.515
  64  83.003092  25.204674    60.150    60.150  2 55291.21091391 32.841
  66  83.004482  25.205276    60.556    60.556  2 55311.04219610 37.503
  67  83.002356  25.204670    59.647    59.647  2 55320.95784166 32.284
  68  83.000961  25.204508    60.243    60.243  2 55330.87348579 37.597
  69  83.001300  25.204286    59.353    59.353  2 55340.78912984 26.610
  70  83.002635  25.205037    59.450    59.450  2 55350.70477352 27.507
  71  83.004671  25.204500    59.444    59.444  2 55360.62041536 31.028
  78  83.003229  25.203443    65.529    65.529  2 55430.02991324 50.619
  80  82.999072  25.204063    68.315    68.315  2 55449.86120012 46.585
  81  83.000780  25.203199    74.928    74.928  2 55459.77684272 32.598
  82  83.001706  25.205390    69.969    69.969  2 55469.69248366 52.597
  83  83.003801  25.204990    65.949    65.949  2 55479.60812207 51.578
  88  83.004578  25.205264    62.390    62.390  2 55529.18633157 40.355
  89  83.004115  25.204391    62.160    62.160  2 55539.10197941 41.988
  90  83.002778  25.205059    62.290    62.290  2 55549.01762454 38.257
  91  83.001414  25.205013    63.124    63.124  2 55558.93326787 35.353
  92  83.002252  25.203224    61.104    61.104  2 55568.84891071 40.202
  93  83.003318  25.203858    73.647    73.647  2 55578.76455203 38.772
  95  83.005848  25.205902    61.074    61.074  2 55598.59582659 35.281
  96  83.006853  25.206334    80.640    80.640  2 55608.51146002 25.789
 101  83.003390  25.204173    60.931    60.931  2 55658.08968741 36.689
 102  83.002089  25.203612    61.065    61.065  2 55668.00532979 38.427
 103  83.002595  25.203126    60.519    60.519  2 55677.92096944 31.670
 108  83.005750  25.205276    61.034    61.034  2 55727.49917652 36.771
 109  83.004300  25.205058    61.767    61.767  2 55737.41482319 37.148
 111  83.003869  25.205027    79.489    79.489  2 55757.24611251 26.657
 113  83.004956  25.204452    68.102    68.102  2 55777.07739188 39.034
 114  83.005233  25.205129    78.597    78.597  2 55786.99302702 33.901
 128  83.005330  25.205393    63.212    63.212  2 55925.81202699 36.501
 130  83.003239  25.203990    62.285    62.285  2 55945.64332248 39.154
 131  83.002292  25.203511    68.299    68.299  2 55955.55896335 38.737
 132  83.001229  25.204924    67.898    67.898  2 55965.47460142 28.950
 133  83.003423  25.202984    70.618    70.618  2 55975.39023948 26.095
 134  83.005817  25.205843    80.208    80.208  2 55985.30587587 25.190
 137  83.004746  25.204175    61.649    61.649  2 56015.05281239 36.703
 138  83.001318  25.203737    61.114    61.114  2 56024.96845749 33.621
 139  82.999997  25.205078    61.053    61.053  2 56034.88410017 35.103
 140  83.003053  25.204835    60.611    60.611  2 56044.79974129 37.534
 141  83.006449  25.205814    71.232    71.232  2 56054.71537930 34.877
 144  83.005361  25.204786    60.308    60.308  2 56084.46230672 28.952
 145  83.003609  25.204904    69.929    69.929  2 56094.37795379 23.495
 146  83.004552  25.204034    80.787    80.787  2 56104.29359931 21.999
 154  83.005668  25.205592    78.834    78.834  2 56183.61872932 31.617
 156  83.005417  25.205518    79.797    79.797  2 56203.45000223 27.446
 157  83.007224  25.206555    63.421    63.421  2 56213.36563603 46.867
 162  83.004614  25.204090    62.154    62.154  2 56262.94387007 42.907
 165  83.004139  25.204180    61.843    61.843  2 56292.69080512 40.704
 166  83.001925  25.204933    62.070    62.070  2 56302.60645188 38.218
 167  83.000646  25.203763    61.739    61.739  2 56312.52209500 38.469
 168  83.000000  25.203853    61.663    61.663  2 56322.43773606 38.898
 169  83.001179  25.204119    62.176    62.176  2 56332.35337693 37.161
 170  83.003458  25.205239    62.648    62.648  2 56342.26901740 39.171
 173  83.003727  25.205009    62.407    62.407  2 56372.01594650 36.168
 175  82.999545  25.204559    61.929    61.929  2 56391.84723728 35.165
 176  83.001963  25.204580    61.981    61.981  2 56401.76288005 35.552
 180  83.004259  25.204997    60.115    60.115  2 56441.42544677 28.621
 181  83.001937  25.203238    60.387    60.387  2 56451.34109727 31.497
 182  83.001046  25.203759    77.682    77.682  2 56461.25674524 27.401
 185  83.002246  25.204231    79.130    79.130  2 56491.00366866 25.479
 186  83.004387  25.204783    70.211    70.211  2 56500.91930322 38.665
 191  83.004230  25.204736    66.863    66.863  2 56550.49752617 43.403
 192  83.002867  25.204430    65.331    65.331  2 56560.41316883 47.947
 193  83.003040  25.204924    65.254    65.254  2 56570.32881068 43.655
 197  83.005584  25.205563    64.229    64.229  2 56609.99138565 44.945
 198  83.003593  25.205026    63.592    63.592  2 56619.90703126 44.961
 199  83.003274  25.205165    63.475    63.475  2 56629.82267359 44.364
 200  83.005221  25.205565    63.293    63.293  2 56639.73831257 41.352
 203  83.000228  25.204992    62.848    62.848  2 56669.48525565 39.515
 204  82.999798  25.205107    62.948    62.948  2 56679.40090080 38.034
 205  83.001286  25.205228    63.531    63.531  2 56689.31654472 40.302
 206  83.003801  25.205123    63.520    63.520  2 56699.23218608 42.045
 207  83.006206  25.205772    63.672    63.672  2 56709.14782262 40.322
 209  83.002100  25.204499    63.247    63.247  2 56728.97911542 41.490
 210  83.000475  25.203351    62.564    62.564  2 56738.89476397 41.280
 211  83.000293  25.204981    64.537    64.537  2 56748.81040806 41.215
 212  83.003862  25.204197    63.134    63.134  2 56758.72604818 41.083
 216  82.996591  25.206737    61.328    61.329  3 56798.38863586 29.982
 217  82.996081  25.205437    61.347    61.339  3 56808.30428279 31.456
 218  82.998575  25.203477    61.098    61.098  2 56818.21992448 48.772
 219  83.000597  25.204209    61.119    61.119  2 56828.13556195 37.122
 220  83.003721  25.203314    61.077    61.077  2 56838.05119659 45.584
 221  83.006146  25.206041    61.560    61.560  2 56847.96682742 35.382
 222  83.004224  25.204503    61.738    61.738  2 56857.88248045 39.637
 223  83.002859  25.205088    70.512    70.512  2 56867.79813325 35.136
 224  83.002662  25.203513    67.545    67.545  2 56877.71378471 51.508
 225  83.000658  25.204338    69.913    69.913  2 56887.62943232 51.675
 226  82.998942  25.203387    77.099    77.099  2 56897.54507768 33.058
 227  82.996229  25.206400    73.054    77.519  3 56907.46071965 30.245
 228  82.997276  25.206218    65.894    65.910  3 56917.37636078 52.225
 229  83.002160  25.203292    78.378    78.378  2 56927.29200102 29.063
 233  83.003342  25.203961    71.112    71.112  2 56966.95457071 38.173
 234  83.002427  25.204278    62.017    62.017  2 56976.87021491 37.617
 235  83.004488  25.204133    70.424    70.424  2 56986.78585483 37.275
 239  83.000854  25.204395    61.378    61.378  2 57026.44843748 29.990
 240  83.000622  25.203829    61.467    61.467  2 57036.36408638 32.096
 241  83.001987  25.204307    67.683    67.683  2 57046.27973276 32.915
 249  83.003855  25.204135    61.823    61.823  2 57125.60488630 33.847
 250  83.002782  25.204930    63.052    63.052  2 57135.52052590 34.754
 251  83.004088  25.204717    61.299    61.299  2 57145.43616185 31.238
 255  83.002944  25.205280    60.420    60.420  2 57185.09874563 30.238
 256  83.000581  25.204366    78.779    78.779  2 57195.01439470 25.874
 257  82.998797  25.204647    60.417    60.417  2 57204.93002962 35.335
 258  82.999228  25.205131    68.135    68.135  2 57214.84567458 39.868
 259  83.002580  25.204020    78.049    78.049  2 57224.76131851 30.503
 260  83.005060  25.204835    79.488    79.488  2 57234.67696004 30.921
 261  83.006213  25.205366    66.991    66.991  2 57244.59259826 48.994
 268  83.001055  25.204757    61.340    61.340  2 57314.00211912 43.373
 269  82.998374  25.205262    61.059    60.999  3 57323.91776257 42.655
 270  82.999652  25.203620    61.495    61.495  2 57333.83340468 44.064
 271  83.002256  25.204533    62.033    62.033  2 57343.74904434 41.528
 272  83.000550  25.204011    61.398    61.398  2 57353.66469724 38.547
 273  83.001067  25.203517    61.453    61.453  2 57363.58034109 41.406
 274  83.000751  25.204781    62.151    62.151  2 57373.49598130 38.925
 275  83.002629  25.203271    66.725    66.725  2 57383.41162076 29.592
 279  83.006569  25.206008    60.590    60.590  2 57423.07419481 36.605
 280  83.003722  25.203260    69.600    69.600  2 57432.98984426 38.832
 281  83.000780  25.204324    60.743    60.743  2 57442.90549086 38.511
 282  83.001451  25.203933    60.316    60.316  2 57452.82113717 36.635
 283  83.003793  25.203411    61.696    61.696  2 57462.73678186 37.997
 289  83.005736  25.205140    80.098    80.098  2 57522.23063200 18.866
 291  83.002624  25.203542    78.641    78.641  2 57542.06193489 19.678
 292  83.000251  25.205209    71.955    71.955  2 57551.97758106 36.152
 293  83.000626  25.203258    59.498    59.498  2 57561.89322645 38.008
 294  83.000990  25.204080    60.666    60.666  2 57571.80887067 39.239
 295  83.002522  25.204186    74.288    74.288  2 57581.72451496 30.828
 296  83.004445  25.204068    79.341    79.341  2 57591.64015752 28.831
 297  83.005001  25.204814    67.976    67.976  2 57601.55579719 51.524
