-274768.386   149.363     0.00    4.84
-274480.358   150.726     4.73    5.51
-274192.318   152.330     5.57    6.22
-273904.266   154.523     7.61    7.00
-273616.204   156.184     5.76    6.71
-273328.129   158.039     6.44    6.54
-273040.044   159.523     5.15    6.46
-272751.946   161.512     6.90    6.69
-272463.838   163.779     7.87    7.30
-272175.717   165.557     6.17    7.64
-271887.586   167.965     8.35    7.56
-271599.442   170.668     9.38    7.05
-271311.288   172.345     5.82    6.53
-271023.121   173.329     3.42    6.46
-270734.944   173.083    -0.85    6.80
-270446.754   173.849     2.66    7.49
-270158.553   174.105     0.89    8.89
-269870.341   173.069    -3.60    8.06
-269582.117   171.934    -3.94    8.01
-269293.882   171.728    -0.71    7.67
-269005.635   172.319     2.05    6.44
-268717.377   173.698     4.78    7.13
-268429.107   175.991     7.95    9.54
-268140.825   178.486     8.65   10.18
-267852.532   180.840     8.16    9.91
-267564.227   183.730    10.02    9.67
-267275.911   185.965     7.75    8.77
-266987.584   186.652     2.38    9.72
-266699.245   188.668     6.99   12.43
-266410.894   192.749    14.15   20.25
-266122.532   195.852    10.76   26.26
-265834.158   194.894    -3.32   27.22
-265545.772   193.573    -4.58   28.10
-265257.375   192.791    -2.71   27.27
-264968.967   191.230    -5.41   25.22
-264680.547   189.434    -6.23   20.55
-264392.115   187.871    -5.42    8.63
-264103.672   192.072    14.56    8.53
-263815.217   195.192    10.82    8.23
-263526.751   198.375    11.03    8.50
-263238.273   199.437     3.68    9.05
-262949.784   201.081     5.70    8.99
-262661.282   202.733     5.73    9.03
-262372.770   206.287    12.32   11.79
-262084.246   212.281    20.77   24.90
-261795.710   225.636    46.28   39.43
-261507.163   233.422    26.98   41.35
-261218.604   241.918    29.44   40.69
-260930.033   246.621    16.30   38.51
-260641.451   247.545     3.20   37.68
-260352.857   246.111    -4.97   38.91
-260064.252   239.422   -23.18   31.50
-259775.635   240.837     4.90   37.19
-259487.006   259.105    63.28   78.28
-259198.366   282.152    79.83  104.26
-258909.715   304.887    78.75  118.52
-258621.051   312.936    27.88  119.21
-258332.376   315.240     7.98  117.76
-258043.690   305.384   -34.13  103.60
-257754.992   291.334   -48.66   86.63
-257466.282   275.100   -56.22   59.86
-257177.560   274.098    -3.47   54.24
-256888.827   295.536    74.23   63.23
-256600.083   316.449    72.42   65.91
-256311.327   331.496    52.10   59.81
-256022.559   354.529    79.75   61.38
-255733.779   377.622    79.95   58.40
-255444.988   405.199    95.48   52.61
-255156.185   428.201    79.63   53.50
-254867.371   451.152    79.45   48.02
-254578.545   468.233    59.13   33.32
-254289.707   482.557    49.58   25.95
-254000.858   491.406    30.63   27.32
-253711.997   501.121    33.63   29.61
-253423.124   512.605    39.75   34.57
-253134.240   523.859    38.95   36.26
-252845.344   536.410    43.44   31.10
-252556.436   542.840    22.25   20.86
-252267.517   547.121    14.82   16.02
-251978.586   545.934    -4.11   17.20
-251689.644   545.120    -2.81   20.00
-251400.689   536.588   -29.52   27.16
-251111.723   521.437   -52.42   35.49
-250822.746   502.732   -64.72   46.28
-250533.757   483.160   -67.71   51.62
-250244.756   461.683   -74.30   52.06
-249955.743   439.160   -77.92   41.34
-249666.719   420.462   -64.68   31.08
-249377.683   405.452   -51.92   25.03
-249088.635   392.685   -44.16   22.58
-248799.576   374.806   -61.84   35.24
-248510.505   359.668   -52.36   37.55
-248221.423   351.243   -29.14   39.18
-247932.328   342.975   -28.59   36.94
-247643.222   337.137   -20.19   38.15
-247354.104   332.169   -17.18   40.15
-247064.975   326.098   -20.99   42.18
-246775.834   321.443   -16.10   42.45
-246486.681   316.001   -18.82   39.70
-246197.516   314.274    -5.97   39.29
-245908.340   319.480    18.00   53.46
-245619.152   323.452    13.73   60.59
-245329.953   332.559    31.48   66.20
-245040.741   327.380   -17.90   66.26
-244751.518   325.607    -6.13   67.83
-244462.283   316.760   -30.58   66.80
-244173.037   298.684   -62.48   57.71
-243883.778   279.652   -65.78   32.30
-243594.508   266.859   -44.22   14.26
-243305.227   261.777   -17.56    6.83
-243015.933   258.762   -10.42    5.93
-242726.628   256.496    -7.83    5.11
-242437.311   253.949    -8.80    4.98
-242147.983   252.494    -5.03    5.00
-241858.642   250.636    -6.42    4.95
-241569.290   249.255    -4.77    4.29
-241279.926   247.698    -5.38    3.87
-240990.551   246.364    -4.61    3.96
-240701.163   244.607    -6.07    4.38
-240411.764   243.012    -5.51    4.78
-240122.353   241.319    -5.85    5.06
-239832.931   239.371    -6.73    5.13
-239543.496   236.501    -9.92    5.68
-239254.050   234.122    -8.22    5.12
-238964.592   232.488    -5.64    4.71
-238675.123   230.806    -5.81    4.20
-238385.641   229.969    -2.89    4.33
-238096.148   229.637    -1.15    4.56
-237806.643   229.422    -0.74    5.01
-237517.126   229.637     0.75    5.46
-237227.598   230.274     2.20    5.91
-236938.058   230.914     2.21    6.20
-236648.506   231.767     2.95    5.88
-236358.942   231.868     0.35    5.81
-236069.366   231.890     0.08    5.93
-235779.779   230.105    -6.16    7.07
-235490.180   228.198    -6.59    7.56
-235200.569   225.255   -10.16    7.22
-234910.946   222.314   -10.16    6.88
-234621.311   219.637    -9.24    7.01
-234331.665   217.120    -8.69    6.42
-234042.007   214.007   -10.75    5.12
-233752.337   212.527    -5.11    3.99
-233462.655   211.605    -3.18    3.32
-233172.961   211.414    -0.66    3.30
-232883.256   212.240     2.85    3.75
-232593.539   213.525     4.44    4.68
-232303.810   215.559     7.02    5.88
-232014.069   218.090     8.73    6.32
-231724.316   220.775     9.27    6.40
-231434.552   223.052     7.86    6.42
-231144.776   225.292     7.73    6.45
-230854.987   226.298     3.47    6.71
-230565.188   227.715     4.89    6.45
-230275.376   228.760     3.61    6.54
-229985.552   229.114     1.22    6.81
-229695.717   229.791     2.34    6.66
-229405.869   230.202     1.42    6.45
-229116.010   230.668     1.61    6.18
-228826.139   231.449     2.69    5.77
-228536.257   232.252     2.77    5.52
-228246.362   233.206     3.29    4.90
-227956.455   234.949     6.01    5.86
-227666.537   237.314     8.15    6.03
-227379.147   238.728     4.92    5.64
-227091.750   239.023     1.03    5.27
-226804.342   238.335    -2.39    6.29
-226516.923   236.929    -4.89    7.22
-226229.491   234.059    -9.99    8.26
-225942.048   230.355   -12.88    7.55
-225654.594   226.795   -12.38    6.17
-225367.127   225.462    -4.64    5.86
-225079.649   225.168    -1.02    7.06
-224792.160   223.938    -4.28    7.58
-224504.659   223.355    -2.03    7.88
-224217.146   223.319    -0.13    8.28
-223929.621   220.906    -8.39    8.49
-223642.085   219.480    -4.96    8.38
-223354.537   216.426   -10.62    7.16
-223066.978   215.215    -4.21    8.14
-222779.407   214.252    -3.35    8.66
-222491.824   212.529    -5.99    9.34
-222204.230   210.077    -8.53    9.47
-221916.624   208.105    -6.85    9.96
-221629.006   205.702    -8.35    9.78
-221341.377   202.975    -9.48    8.45
-221053.736   200.199    -9.65    5.78
-220766.083   198.652    -5.38    5.69
-220478.419   197.498    -4.01    5.79
-220190.743   195.940    -5.42    6.30
-219903.055   193.947    -6.93    6.17
-219615.356   192.980    -3.36    5.87
-219327.645   191.894    -3.77    5.79
-219039.922   190.590    -4.53    5.32
-218752.187   190.252    -1.17    5.90
-218464.441   188.887    -4.75    5.68
-218176.684   187.509    -4.79    5.23
-217888.914   186.775    -2.55    5.01
-217601.133   186.023    -2.61    5.20
-217313.340   186.293     0.94    5.60
-217025.536   186.945     2.26    5.97
-216737.719   187.975     3.58    5.76
-216449.891   187.965    -0.04    5.77
-216162.052   187.128    -2.91    5.86
-215874.200   186.589    -1.87    5.92
-215586.337   184.910    -5.83    6.35
-215298.462   183.402    -5.24    6.27
-215010.576   181.052    -8.16    6.17
-214722.678   178.762    -7.96    6.91
-214434.768   176.422    -8.13    7.30
-214146.846   174.684    -6.04    7.46
-213858.913   172.869    -6.30    6.80
-213570.968   171.449    -4.93    6.60
-213283.011   168.683    -9.61    6.49
-212995.042   167.001    -5.84    6.32
-212707.062   165.324    -5.82    6.28
-212419.070   163.514    -6.28    6.37
-212131.066   161.036    -8.60    6.05
-211843.051   159.621    -4.91    5.53
-211555.024   158.293    -4.61    4.77
-211266.985   157.340    -3.31    4.15
-210978.934   155.652    -5.86    4.51
-210690.872   154.543    -3.85    4.34
-210402.797   153.652    -3.09    4.38
-210114.712   152.970    -2.37    3.95
-209826.614   152.233    -2.56    4.08
-209538.504   152.478     0.85    4.63
-209250.383   152.668     0.66    4.88
-208962.250   152.545    -0.43    5.23
-208674.105   152.137    -1.42    5.29
-208385.949   150.922    -4.21    5.16
-208097.781   150.779    -0.50    5.52
-207809.601   150.255    -1.82    5.61
-207521.409   150.185    -0.25    5.51
-207233.205   151.215     3.57    6.01
-206944.990   152.590     4.77    6.32
-206656.763   153.954     4.73    6.41
-206368.524   155.864     6.63    6.56
-206080.273   158.507     9.17    6.49
-205792.011   160.514     6.96    6.20
-205503.737   162.895     8.26    6.06
-205215.451   163.966     3.71    5.76
-204927.153   164.309     1.19    5.19
-204638.843   164.452     0.50    4.95
-204350.522   163.019    -4.97    4.93
-204062.188   161.684    -4.63    5.40
-203773.843   159.563    -7.35    5.63
-203485.487   157.789    -6.15    5.84
-203197.118   156.772    -3.53    5.56
-202908.737   155.760    -3.51    5.34
-202620.345   154.259    -5.20    5.26
-202331.941   152.425    -6.36    5.65
-202043.525   150.335    -7.25    5.65
-201755.098   147.543    -9.68    6.39
-201466.658   145.668    -6.50    6.52
-201178.207   144.097    -5.45    5.93
-200889.744   142.088    -6.96    5.24
-200601.269   140.137    -6.76    5.18
-200312.782   138.523    -5.59    4.68
-200024.283   136.590    -6.70    5.09
-199735.773   135.277    -4.55    5.44
-199447.250   134.191    -3.77    5.48
-199158.716   134.512     1.11    5.65
-198870.170   135.088     2.00    6.02
-198581.612   136.592     5.21    6.99
-198293.043   139.255     9.23    7.70
-198004.461   142.027     9.60    6.50
-197715.868   143.545     5.26    5.55
-197427.263   144.960     4.90    4.82
-197138.646   145.781     2.85    4.47
-196850.017   145.777    -0.01    4.87
-196561.376   145.069    -2.45    5.37
-196272.723   143.864    -4.17    6.01
-195984.059   142.406    -5.05    6.23
-195695.382   140.743    -5.76    7.05
-195406.694   137.918    -9.79    6.83
-195117.994   134.791   -10.83    8.57
-194829.282   131.552   -11.22   10.39
-194540.558   127.668   -13.45   11.61
-194251.822   124.898    -9.59   11.09
-193963.075   122.319    -8.93   10.15
-193674.315   121.077    -4.30    9.35
-193385.544   120.512    -1.96    8.71
-193096.761   120.128    -1.33    8.59
-192807.965   121.763     5.66    9.45
-192519.158   123.105     4.65    9.45
-192230.340   124.480     4.76    9.30
-191941.509   126.887     8.33    9.82
-191652.666   130.840    13.68    9.25
-191363.811   134.514    12.72    7.33
-191074.945   136.265     6.06    6.04
-190786.066   137.237     3.36    6.11
-190497.176   139.098     6.44    6.25
-190208.274   141.137     7.06    6.09
-189919.360   142.802     5.76    5.97
-189630.434   144.621     6.30    6.10
-189341.496   147.486     9.91    6.20
-189052.546   150.105     9.07    7.12
-188763.584   152.413     7.99    7.18
-188474.610   154.925     8.69    7.17
-188185.625   156.652     5.98    6.48
-187896.627   158.514     6.44    5.97
-187607.617   160.269     6.07    5.76
-187318.596   162.145     6.49    6.96
-187029.563   164.319     7.52    7.69
-186740.517   166.996     9.26    7.81
-186451.460   169.152     7.46    7.58
-186162.391   171.811     9.20    6.57
-185873.310   173.588     6.15    6.39
-185584.217   174.199     2.11   11.89
-185295.112   174.410     0.73   14.46
-185005.995   176.446     7.04   14.78
-184716.866   177.777     4.60   15.40
-184427.725   179.668     6.54   14.85
-184138.572   180.012     1.19   14.67
-183849.407   179.781    -0.80   14.65
-183560.230   182.175     8.28    9.61
-183271.042   182.795     2.14    7.95
-182981.841   183.222     1.47    7.67
-182692.628   183.577     1.23    7.00
-182403.403   186.129     8.82    6.74
-182114.167   189.052    10.10    6.84
-181824.918   191.512     8.50    7.41
-181535.658   194.478    10.25    7.64
-181246.385   197.319     9.82    7.46
-180957.101   200.960    12.58    7.58
-180667.804   204.360    11.75    7.30
-180378.496   206.049     5.84    6.73
-180089.175   207.713     5.75    6.64
-179799.843   210.297     8.93    6.88
-179510.498   212.043     6.03    6.53
-179221.142   213.298     4.34    5.94
-178931.773   214.465     4.03    5.37
-178642.393   215.543     3.73    5.53
-178353.000   217.240     5.86    5.55
-178063.596   217.668     1.48    5.59
-177774.179   218.700     3.56    5.78
-177484.751   218.809     0.38    6.29
-177195.310   218.652    -0.54    6.95
-176905.858   217.271    -4.77    7.26
-176616.393   214.314   -10.22    7.69
-176326.916   213.077    -4.27    7.91
-176037.428   211.636    -4.97    7.53
-175747.927   210.965    -2.32    7.86
-175458.415   210.114    -2.94    7.43
-175168.890   209.418    -2.40    7.07
-174879.353   208.309    -3.83    6.78
-174589.804   207.309    -3.45    6.12
-174300.244   205.719    -5.49    5.53
-174010.671   204.122    -5.51    6.34
-173721.086   202.016    -7.27    7.25
-173431.489   199.122    -9.99    8.85
-173141.880   195.980   -10.85    9.17
-172852.259   192.483   -12.07    8.70
-172562.626   189.603    -9.94    6.80
-172272.981   188.360    -4.29    5.67
-171983.324   188.222    -0.48    5.76
-171693.655   188.395     0.60    6.36
-171403.973   189.340     3.26    6.39
-171114.280   189.733     1.36    6.66
-170824.575   189.559    -0.60    7.31
-170534.857   189.362    -0.68    7.74
-170245.128   189.303    -0.20    7.27
-169955.386   188.637    -2.30    6.60
-169665.632   189.043     1.40    6.48
-169375.867   189.938     3.09    5.81
-169086.089   191.774     6.33    6.00
-168796.299   192.572     2.75    5.59
-168506.497   193.052     1.66    6.00
-168216.683   193.804     2.59    6.46
-167926.857   195.455     5.70    7.06
-167637.018   197.760     7.95    7.38
-167347.168   200.512     9.49    7.46
-167057.306   202.919     8.30    7.14
-166767.431   206.191    11.29    6.90
-166477.544   208.473     7.87    6.81
-166187.646   209.996     5.25    6.82
-165897.735   212.243     7.75    6.58
-165607.812   214.791     8.79    6.44
-165319.370   216.539     6.06    6.32
-165032.010   217.590     3.65    6.46
-164744.639   219.762     7.56    7.27
-164457.255   222.837    10.70    7.86
-164169.860   227.206    15.20   10.64
-163882.453   231.137    13.67   13.25
-163595.034   234.430    11.46   13.81
-163307.604   235.255     2.87   12.87
-163020.161   234.996    -0.90   12.85
-162732.706   234.395    -2.09   15.42
-162445.240   233.531    -3.00   20.88
-162157.762   228.274   -18.29   21.75
-161870.272   223.806   -15.54   22.95
-161582.769   217.386   -22.33   21.65
-161295.256   210.560   -23.74   14.41
-161007.730   203.918   -23.10   11.22
-160720.192   198.789   -17.84    9.46
-160432.642   195.268   -12.24   10.12
-160145.081   191.289   -13.84   10.48
-159857.507   187.430   -13.42   10.53
-159569.922   183.406   -13.99    9.77
-159282.325   180.604    -9.74    9.70
-158994.715   179.052    -5.39    9.57
-158707.094   177.283    -6.15    9.78
-158419.461   174.252   -10.54    6.76
-158131.816   172.527    -6.00    7.40
-157844.159   169.949    -8.96    8.50
-157556.491   166.855   -10.75   10.00
-157268.810   161.862   -17.36    9.20
-156981.117   160.434    -4.96    8.25
-156693.413   159.191    -4.32    7.35
-156405.696   159.121    -0.24    7.38
-156117.968   160.434     4.56    7.65
-155830.227   162.668     7.76    8.02
-155542.475   165.986    11.53    7.26
-155254.711   168.105     7.37    7.93
-154966.935   170.458     8.18    8.60
-154679.146   172.819     8.20    8.84
-154391.346   175.966    10.93    8.68
-154103.534   177.940     6.86    7.92
-153815.710   179.436     5.20    7.50
-153527.874   180.375     3.26    7.38
-153240.026   181.527     4.00    7.32
-152952.166   184.512    10.37    8.76
-152664.295   188.498    13.85   10.24
-152376.411   194.168    19.69   12.02
-152088.515   200.652    22.52   11.31
-151800.607   205.667    17.42   12.29
-151512.687   210.733    17.59   12.15
-151224.756   214.022    11.42   12.20
-150936.812   218.621    15.97   11.44
-150648.856   222.152    12.26   11.63
-150360.889   225.483    11.57   10.52
-150072.909   229.749    14.81    9.40
-149784.918   231.986     7.77    9.66
-149496.914   235.475    12.11    9.14
-149208.898   238.199     9.46    8.34
-148920.871   239.745     5.36    8.13
-148632.831   239.591    -0.53    8.47
-148344.780   238.855    -2.55    8.67
-148056.716   237.975    -3.05    8.03
-147768.641   237.902    -0.25    7.74
-147480.553   238.789     3.08    8.47
-147192.453   240.667     6.52    9.37
-146904.342   243.683    10.46    9.66
-146616.218   247.951    14.81    8.84
-146328.083   251.777    13.28    7.88
-146039.935   254.620     9.86    7.45
-145751.775   257.960    11.59    7.28
-145463.604   260.996    10.53    7.60
-145175.420   264.160    10.98    7.81
-144887.224   266.391     7.74    7.54
-144599.016   268.418     7.03    6.90
-144310.797   269.875     5.05    6.55
-144022.565   270.525     2.26    7.10
-143734.321   272.137     5.59    7.55
-143446.065   272.940     2.79    7.61
-143157.797   273.001     0.21    7.60
-142869.517   272.258    -2.58    8.28
-142581.225   270.160    -7.28    9.84
-142292.921   266.302   -13.38   10.45
-142004.605   262.391   -13.57    9.73
-141716.277   258.606   -13.12    8.31
-141427.937   255.970    -9.14    7.74
-141139.584   253.052   -10.12    8.17
-140851.220   249.880   -11.00    8.92
-140562.844   246.814   -10.63    8.31
-140274.455   244.077    -9.49    7.80
-139986.055   241.959    -7.34    7.51
-139697.642   240.949    -3.50    7.59
-139409.217   240.819    -0.45    8.54
-139120.781   240.074    -2.58    9.51
-138832.332   239.746    -1.14   10.01
-138543.871   237.382    -8.19    9.54
-138255.398   235.859    -5.28    9.26
-137966.913   232.478   -11.72    7.92
-137678.416   231.059    -4.92    6.77
-137389.907   229.560    -5.19    6.73
-137101.385   228.065    -5.18    6.41
-136812.852   225.398    -9.24    6.88
-136524.307   223.864    -5.32    6.71
-136235.749   223.023    -2.91    6.54
-135947.179   221.498    -5.28    6.41
-135658.598   220.349    -3.98    6.14
-135370.004   219.880    -1.63    6.48
-135081.398   219.399    -1.67    6.47
-134792.780   219.114    -0.99    7.40
-134504.149   219.419     1.06    7.24
-134215.507   219.918     1.73    6.95
-133926.853   219.167    -2.60    6.76
-133638.186   217.228    -6.72    7.78
-133349.508   215.406    -6.31    7.98
-133060.817   213.575    -6.34    8.25
-132772.114   212.351    -4.24    7.77
-132483.399   211.763    -2.03    6.47
-132194.672   211.730    -0.11    6.25
-131905.932   210.606    -3.89    5.68
-131617.181   209.945    -2.29    6.17
-131328.417   208.406    -5.33    7.51
-131039.642   205.360   -10.55    8.19
-130750.854   201.019   -15.03    9.13
-130462.054   196.543   -15.50    9.66
-130173.242   192.309   -14.66    8.88
-129884.418   190.100    -7.65    7.64
-129595.581   188.727    -4.75    6.54
-129306.733   187.819    -3.14    6.64
-129017.872   189.902     7.21    7.85
-128728.999   192.314     8.35    8.12
-128440.114   193.965     5.71    7.53
-128151.217   194.698     2.54    7.34
-127862.307   194.486    -0.74    7.74
-127573.386   193.340    -3.97    7.23
-127284.452   191.265    -7.18    6.16
-126995.506   190.774    -1.70    5.62
-126706.548   190.862     0.31    4.98
-126417.578   192.012     3.98    4.94
-126128.596   193.137     3.89    5.32
-125839.601   195.298     7.48    6.47
-125550.594   197.298     6.92    7.20
-125261.575   200.281    10.32    7.43
-124972.544   202.864     8.94    6.81
-124683.501   206.081    11.13    6.56
-124394.445   208.468     8.26    7.00
-124105.378   211.868    11.76    7.39
-123816.298   214.486     9.06    7.10
-123527.206   216.943     8.50    5.42
-123238.102   217.668     2.51    4.93
-122948.985   217.797     0.45    4.93
-122659.856   216.258    -5.32    6.20
-122370.715   214.591    -5.77    6.84
-122081.562   212.006    -8.94    6.94
-121792.397   208.875   -10.83    7.19
-121503.219   206.395    -8.57    7.93
-121214.030   203.959    -8.42    7.55
-120924.828   201.652    -7.97    7.16
-120635.613   199.422    -7.71    6.72
-120346.387   197.699    -5.95    7.03
-120057.148   196.074    -5.62    7.23
-119767.897   193.023   -10.55    7.23
-119478.634   190.774    -7.78    6.68
-119189.359   188.362    -8.34    5.70
-118900.071   186.574    -6.18    4.43
-118610.771   186.283    -1.01    3.94
-118321.459   186.652     1.28    4.02
-118032.135   188.152     5.18    4.86
-117742.798   189.668     5.24    5.47
-117453.450   191.136     5.07    6.26
-117164.089   192.334     4.14    6.78
-116874.715   192.789     1.57    6.95
-116585.330   193.413     2.16    6.68
-116295.932   193.360    -0.18    6.25
-116006.522   193.683     1.12    5.70
-115717.099   194.062     1.31    5.87
-115427.665   194.852     2.73    5.86
-115138.218   196.252     4.84    5.96
-114848.759   197.486     4.26    6.05
-114559.287   198.840     4.68    6.43
-114269.804   201.287     8.45    6.81
-113980.308   203.864     8.90    6.60
-113690.799   206.862    10.35    6.05
-113401.279   209.809    10.18    7.12
-113111.746   212.880    10.61    8.46
-112822.201   215.037     7.45    8.13
-112532.643   216.730     5.85    7.88
-112243.074   217.775     3.61    6.91
-111953.492   217.986     0.73    5.65
-111663.897   217.107    -3.03    5.57
-111374.291   215.369    -6.00    6.88
-111084.672   213.264    -7.27    7.56
-110795.041   210.652    -9.02    7.29
-110505.397   207.246   -11.76    6.75
-110215.741   205.265    -6.84    6.96
-109926.073   203.606    -5.73    6.87
-109636.393   201.268    -8.07    7.70
-109346.700   198.514    -9.51    8.08
-109056.995   195.837    -9.24    7.84
-108767.278   192.446   -11.70    7.47
-108477.548   190.152    -7.92    6.94
-108187.806   188.346    -6.23    5.80
-107898.052   186.883    -5.05    5.13
-107608.285   185.546    -4.61    4.48
-107318.506   185.175    -1.28    3.95
-107028.714   185.237     0.21    3.66
-106738.911   186.898     5.73    5.54
-106449.095   188.952     7.09    6.95
-106159.266   191.074     7.32    7.45
-105869.426   193.563     8.59    7.19
-105579.573   195.304     6.01    6.63
-105289.707   196.996     5.84    6.13
-104999.829   197.809     2.80    5.82
-104709.939   198.292     1.67    5.79
-104420.037   199.191     3.10    5.94
-104130.122   199.945     2.60    5.60
-103840.195   201.145     4.14    5.40
-103550.255   202.822     5.78    5.73
-103260.714   204.414     5.50    6.15
-102973.407   205.652     4.31    6.25
-102686.088   207.017     4.75    6.24
-102398.757   209.001     6.90    5.83
-102111.413   210.804     6.27    5.92
-101824.057   212.932     7.40    6.65
-101536.690   214.981     7.13    6.96
-101249.310   217.068     7.26    6.42
-100961.918   219.436     8.24    6.44
-100674.514   221.996     8.91    6.89
-100387.097   225.252    11.33    7.57
-100099.669   227.498     7.81    7.92
 -99812.229   229.545     7.12    7.92
 -99524.776   231.887     8.15    7.66
 -99237.311   233.795     6.64    6.79
 -98949.834   234.819     3.56    6.56
 -98662.345   236.233     4.92    6.51
 -98374.844   237.375     3.97    6.04
 -98087.330   238.422     3.64    5.57
 -97799.805   238.496     0.26    5.53
 -97512.267   238.293    -0.71    5.94
 -97224.717   237.152    -3.97    5.91
 -96937.155   236.107    -3.64    5.64
 -96649.581   234.797    -4.55    5.31
 -96361.995   234.222    -2.00    5.46
 -96074.396   232.986    -4.30    5.91
 -95786.786   231.309    -5.83    6.15
 -95499.163   229.115    -7.63    6.26
 -95211.528   226.592    -8.77    6.07
 -94923.881   224.452    -7.44    5.48
 -94636.221   223.621    -2.89    5.53
 -94348.550   222.816    -2.80    5.07
 -94060.866   222.001    -2.84    5.20
 -93773.170   222.228     0.79    5.47
 -93485.462   222.137    -0.32    5.64
 -93197.742   222.217     0.28    5.38
 -92910.010   221.883    -1.16    6.03
 -92622.265   221.652    -0.80    6.46
 -92334.508   221.514    -0.48    6.70
 -92046.739   221.849     1.17    6.34
 -91758.958   221.191    -2.29    5.76
 -91471.164   221.160    -0.11    6.17
 -91183.359   219.636    -5.29    6.19
 -90895.541   217.758    -6.52    6.54
 -90607.711   215.090    -9.27    6.78
 -90319.869   212.546    -8.84    6.38
 -90032.014   210.160    -8.29    6.20
 -89744.147   207.925    -7.76    6.04
 -89456.269   205.902    -7.03    5.85
 -89168.377   203.713    -7.60    6.04
 -88880.474   201.878    -6.37    5.90
 -88592.558   199.591    -7.94    5.78
 -88304.631   196.960    -9.14    6.07
 -88016.691   194.806    -7.48    6.28
 -87728.738   192.855    -6.77    6.53
 -87440.774   190.668    -7.60    6.38
 -87152.797   189.152    -5.26    5.85
 -86864.808   187.072    -7.22    5.06
 -86576.807   185.012    -7.15    5.27
 -86288.793   183.804    -4.19    5.06
 -86000.768   182.422    -4.80    5.05
 -85712.730   180.775    -5.71    5.13
 -85424.679   178.914    -6.46    5.52
 -85136.617   177.252    -5.77    4.98
 -84848.542   175.887    -4.74    4.95
 -84560.455   173.921    -6.82    5.02
 -84272.356   172.334    -5.51    4.66
 -83984.245   170.936    -4.85    4.47
 -83696.121   169.864    -3.72    4.33
 -83407.985   169.201    -2.30    4.65
 -83119.836   168.213    -3.43    4.78
 -82831.676   168.049    -0.57    4.74
 -82543.503   168.809     2.64    5.25
 -82255.318   170.559     6.07    5.88
 -81967.120   171.684     3.91    5.92
 -81678.911   173.559     6.50    5.56
 -81390.689   175.049     5.17    5.29
 -81102.454   175.991     3.27    4.97
 -80814.208   176.714     2.51    5.00
 -80525.949   177.364     2.26    5.12
 -80237.678   177.637     0.95    5.18
 -79949.394   176.834    -2.79    5.65
 -79661.099   176.552    -0.98    5.70
 -79372.790   177.371     2.84    5.74
 -79084.470   178.636     4.39    5.16
 -78796.137   179.114     1.66    4.89
 -78507.792   178.760    -1.23    4.92
 -78219.435   178.160    -2.08    5.52
 -77931.066   177.113    -3.63    6.09
 -77642.684   176.006    -3.84    6.41
 -77354.289   174.065    -6.73    6.81
 -77065.883   172.351    -5.94    7.36
 -76777.464   170.183    -7.52    7.43
 -76489.033   167.864    -8.04    7.24
 -76200.589   165.859    -6.95    7.18
 -75912.133   163.056    -9.72    7.11
 -75623.665   160.910    -7.44    6.74
 -75335.185   158.636    -7.88    6.60
 -75046.692   155.834    -9.71    6.62
 -74758.187   153.364    -8.56    6.58
 -74469.669   151.115    -7.80    6.32
 -74181.139   148.667    -8.48    6.44
 -73892.597   145.898    -9.60    6.66
 -73604.042   143.052    -9.86    6.55
 -73315.475   141.237    -6.29    6.58
 -73026.896   139.046    -7.59    6.38
 -72738.305   137.152    -6.56    5.71
 -72449.700   136.160    -3.44    5.36
 -72161.084   136.074    -0.30    6.01
 -71872.455   135.541    -1.85    6.12
 -71583.814   135.557     0.05    6.95
 -71295.161   135.055    -1.74    7.19
 -71006.495   134.283    -2.67    6.81
 -70717.817   134.190    -0.32    7.25
 -70429.126   133.428    -2.64    6.94
 -70140.423   132.965    -1.61    7.53
 -69851.708   131.652    -4.55    7.88
 -69562.980   130.213    -4.99    9.04
 -69274.240   127.682    -8.76    9.24
 -68985.488   126.324    -4.70    9.22
 -68696.723   125.228    -3.79    9.27
 -68407.945   123.375    -6.42    9.56
 -68119.156   121.104    -7.87    9.28
 -67830.354   118.713    -8.28    8.99
 -67541.539   116.573    -7.41    9.67
 -67252.712   114.037    -8.78   10.11
 -66963.873   110.864   -10.98   10.58
 -66675.021   107.222   -12.61    9.70
 -66386.157   103.760   -11.98    8.78
 -66097.281   100.588   -10.98    8.08
 -65808.392    98.360    -7.71    7.67
 -65519.491    95.837    -8.73    6.12
 -65230.577    94.727    -3.84    5.55
 -64941.651    94.274    -1.57    5.33
 -64652.712    93.925    -1.21    5.14
 -64363.761    92.936    -3.42    4.69
 -64074.798    92.806    -0.45    5.15
 -63785.822    93.017     0.73    5.82
 -63496.833    93.543     1.82    6.43
 -63207.833    93.822     0.96    6.53
 -62918.819    92.918    -3.13    6.75
 -62629.794    92.700    -0.75    6.61
 -62340.756    92.527    -0.60    6.04
 -62051.705    92.700     0.60    5.83
 -61762.642    92.762     0.21    6.23
 -61473.567    93.945     4.09    6.97
 -61184.479    95.546     5.54    6.69
 -60895.379    96.437     3.08    6.83
 -60606.266    96.201    -0.82    7.25
 -60317.141    95.274    -3.21    7.78
 -60028.003    92.906    -8.19    7.31
 -59738.853    91.107    -6.22    7.19
 -59449.690    89.037    -7.16    6.50
 -59160.515    87.213    -6.31    5.80
 -58871.328    86.215    -3.45    5.29
 -58582.128    85.834    -1.32    4.62
 -58292.915    85.072    -2.64    4.47
 -58003.690    83.802    -4.39    4.69
 -57714.453    83.422    -1.31    4.68
 -57425.203    82.929    -1.70    4.37
 -57135.940    82.114    -2.82    4.34
 -56846.665    81.717    -1.37    4.70
 -56557.378    80.304    -4.88    4.72
 -56268.078    78.975    -4.59    5.07
 -55978.765    78.059    -3.17    5.32
 -55689.440    76.791    -4.38    5.14
 -55400.103    74.970    -6.29    4.83
 -55110.753    73.606    -4.71    5.04
 -54821.391    71.730    -6.48    4.63
 -54532.016    70.536    -4.13    4.27
 -54242.628    68.760    -6.14    3.54
 -53953.228    67.380    -4.77    3.23
 -53663.816    65.819    -5.39    3.26
 -53374.391    64.698    -3.87    3.18
 -53084.953    63.545    -3.99    3.19
 -52795.503    62.652    -3.08    3.08
 -52506.041    61.588    -3.68    2.79
 -52216.566    61.215    -1.29    2.99
 -51927.078    60.501    -2.47    3.09
 -51637.578    60.068    -1.50    2.94
 -51348.065    59.367    -2.42    3.13
 -51058.540    58.834    -1.84    3.29
 -50769.002    58.023    -2.80    2.80
 -50479.452    57.243    -2.69    2.77
 -50189.889    56.548    -2.40    2.81
 -49900.314    56.279    -0.93    2.76
 -49610.726    56.016    -0.91    2.63
 -49321.125    55.637    -1.31    2.31
 -49031.512    55.242    -1.36    2.53
 -48741.887    54.960    -0.98    2.49
 -48452.249    54.114    -2.92    2.61
 -48162.598    53.637    -1.65    2.72
 -47872.935    53.470    -0.58    2.96
 -47583.259    52.970    -1.73    2.98
 -47293.570    52.561    -1.41    2.86
 -47003.869    52.136    -1.47    2.97
 -46714.156    51.806    -1.14    3.02
 -46424.430    51.228    -2.00    3.01
 -46134.691    50.501    -2.51    2.24
 -45844.940    50.037    -1.60    2.02
 -45555.176    49.714    -1.11    1.87
 -45265.399    49.469    -0.85    1.82
 -44975.610    49.129    -1.17    1.71
 -44685.809    48.667    -1.59    1.72
 -44395.994    48.196    -1.62    1.67
 -44106.167    47.592    -2.09    1.74
 -43816.328    46.914    -2.34    1.73
 -43526.476    46.335    -2.00    1.81
 -43236.611    45.684    -2.25    1.64
 -42946.734    45.168    -1.78    1.51
 -42656.844    44.637    -1.83    1.45
 -42366.942    44.168    -1.62    1.41
 -42077.027    43.636    -1.83    1.54
 -41787.099    43.183    -1.57    1.56
 -41497.159    42.749    -1.50    1.41
 -41207.206    42.061    -2.37    1.52
 -40919.178    41.533    -1.83    1.44
 -40631.894    41.183    -1.22    1.33
 -40344.598    40.802    -1.33    1.43
 -40057.289    40.387    -1.44    1.37
 -39769.968    40.029    -1.24    1.40
 -39482.635    39.637    -1.37    1.52
 -39195.289    39.355    -0.98    1.31
 -38907.931    39.114    -0.84    1.35
 -38620.560    38.910    -0.71    1.40
 -38333.178    38.652    -0.90    1.44
 -38045.782    38.437    -0.75    1.36
 -37758.375    37.991    -1.55    1.53
 -37470.955    37.468    -1.82    1.73
 -37183.522    36.945    -1.82    1.62
 -36896.078    36.455    -1.70    1.66
 -36608.621    36.022    -1.51    1.61
 -36321.151    35.516    -1.76    1.20
 -36033.669    35.265    -0.87    1.16
 -35746.175    34.864    -1.39    1.30
 -35458.668    34.814    -0.18    1.30
 -35171.149    34.422    -1.36    1.42
 -34883.618    34.016    -1.41    1.56
 -34596.074    33.714    -1.05    1.46
 -34308.517    33.262    -1.57    1.54
 -34020.949    32.793    -1.63    1.44
 -33733.367    32.349    -1.54    1.44
 -33445.774    31.862    -1.69    1.42
 -33158.168    31.496    -1.27    1.45
 -32870.549    31.001    -1.72    1.41
 -32582.919    30.652    -1.21    1.51
 -32295.275    30.406    -0.86    1.45
 -32007.620    29.975    -1.50    1.31
 -31719.952    29.669    -1.07    1.49
 -31432.271    29.098    -1.98    1.61
 -31144.578    28.727    -1.29    1.76
 -30856.873    28.270    -1.59    1.72
 -30569.155    27.743    -1.83    1.79
 -30281.425    27.279    -1.61    1.77
 -29993.682    26.922    -1.24    1.76
 -29705.927    26.434    -1.70    1.77
 -29418.159    25.824    -2.12    1.91
 -29130.379    25.345    -1.67    1.84
 -28842.586    24.955    -1.35    1.95
 -28554.781    24.279    -2.35    2.07
 -28266.964    23.652    -2.18    1.92
 -27979.134    23.128    -1.82    1.77
 -27691.292    22.745    -1.33    1.70
 -27403.437    22.360    -1.34    1.74
 -27115.570    21.970    -1.35    1.51
 -26827.690    21.622    -1.21    1.40
 -26539.797    21.501    -0.42    1.46
 -26251.893    21.065    -1.51    1.52
 -25963.976    20.849    -0.75    1.48
 -25676.046    20.394    -1.58    1.54
 -25388.104    19.991    -1.40    1.49
 -25100.149    19.667    -1.12    1.36
 -24812.182    19.345    -1.12    1.33
 -24524.202    19.037    -1.07    1.22
 -24236.210    18.830    -0.72    1.29
 -23948.206    18.501    -1.14    1.51
 -23660.188    18.088    -1.43    1.67
 -23372.159    17.516    -1.99    1.77
 -23084.117    17.001    -1.79    1.89
 -22796.062    16.369    -2.19    1.67
 -22507.995    16.001    -1.28    1.64
 -22219.915    15.425    -2.00    1.42
 -21931.823    14.915    -1.77    1.49
 -21643.719    14.483    -1.50    1.53
 -21355.601    14.198    -0.99    1.47
 -21067.472    13.714    -1.68    1.51
 -20779.329    13.213    -1.74    1.56
 -20491.175    12.777    -1.51    1.60
 -20203.007    12.437    -1.18    1.64
 -19914.828    12.176    -0.90    1.71
 -19626.635    11.652    -1.82    1.73
 -19338.430    11.025    -2.18    1.66
 -19050.213    10.683    -1.19    1.49
 -18761.983    10.384    -1.04    1.47
 -18473.741     9.910    -1.64    1.43
 -18185.486     9.486    -1.47    1.34
 -17897.218     9.198    -1.00    1.39
 -17608.938     8.918    -0.97    1.35
 -17320.645     8.498    -1.45    1.52
 -17032.340     8.092    -1.41    1.70
 -16744.022     7.652    -1.52    2.20
 -16455.692     7.355    -1.03    2.49
 -16167.349     7.319    -0.13    2.44
 -15878.994     7.129    -0.66    2.56
 -15590.626     6.637    -1.71    2.74
 -15302.245     6.319    -1.10    2.69
 -15013.852     5.637    -2.36    2.48
 -14725.446     5.137    -1.73    2.07
 -14437.028     4.878    -0.90    1.79
 -14148.597     4.283    -2.06    1.32
 -13860.154     3.910    -1.29    1.24
 -13571.698     3.561    -1.21    1.20
 -13283.229     3.198    -1.26    1.23
 -12994.748     3.022    -0.61    1.26
 -12706.254     2.589    -1.50    1.18
 -12417.748     2.529    -0.21    1.21
 -12129.229     2.543     0.05    1.21
 -11840.697     2.494    -0.17    1.32
 -11552.153     2.621     0.44    1.40
 -11263.596     2.791     0.59    1.42
 -10975.027     2.949     0.55    1.35
 -10686.445     3.113     0.57    1.31
 -10397.850     3.380     0.93    1.55
 -10109.243     3.519     0.48    1.57
  -9820.623     3.880     1.25    1.81
  -9531.991     4.228     1.21    1.78
  -9243.346     4.369     0.49    1.66
  -8954.688     4.606     0.82    1.67
  -8666.018     4.545    -0.21    1.57
  -8377.335     4.541    -0.01    1.46
  -8088.639     4.777     0.82    1.59
  -7799.931     5.168     1.35    1.60
  -7511.210     5.364     0.68    1.58
  -7222.477     5.345    -0.07    1.53
  -6933.731     5.398     0.19    1.39
  -6644.972     5.546     0.51    1.28
  -6356.201     5.570     0.08    1.29
  -6067.417     5.410    -0.56    1.10
  -5778.620     5.399    -0.04    1.12
  -5489.811     5.546     0.51    1.05
  -5200.989     5.578     0.11    1.11
  -4912.154     5.468    -0.38    1.13
  -4623.307     4.943    -1.82    1.77
  -4334.447     4.745    -0.69    1.84
  -4045.574     4.777     0.11    1.91
  -3756.689     4.637    -0.49    1.86
  -3467.791     4.514    -0.43    2.08
  -3178.880     4.559     0.15    1.96
  -2889.957     4.283    -0.95    2.12
  -2601.021     3.472    -2.81    2.55
  -2312.073     2.840    -2.19    2.75
  -2023.111     2.025    -2.82    2.89
  -1734.137     1.289    -2.55    2.84
  -1445.151     0.861    -1.48    2.84
  -1156.151     0.213    -2.24    2.57
   -867.139    -0.217    -1.49    2.50
   -578.114    -0.484    -0.93    2.54
   -289.077    -0.411     0.25    2.64
     -0.027     0.437     2.93    3.48
    289.036     1.531     3.79    3.86
    578.111     2.637     3.83    4.01
    867.200     3.898     4.36    3.70
   1156.301     4.910     3.50    2.92
   1445.414     5.729     2.83    1.73
   1734.541     6.055     1.13    1.76
   2023.680     6.175     0.41    1.75
   2312.832     6.219     0.15    1.72
   2601.996     6.152    -0.23    1.51
   2891.173     6.275     0.43    1.37
   3180.363     6.122    -0.53    1.41
   3469.566     5.922    -0.69    1.38
   3758.781     5.498    -1.46    1.44
   4048.009     5.274    -0.78    1.33
   4337.250     5.355     0.28    1.26
   4626.504     5.465     0.38    1.30
   4915.770     5.335    -0.45    1.32
   5205.049     5.191    -0.50    1.39
   5494.341     5.314     0.43    1.33
   5783.646     5.205    -0.38    1.44
   6072.963     5.410     0.71    1.69
   6362.293     5.607     0.68    1.85
   6651.636     5.952     1.19    2.04
   6940.992     6.364     1.42    1.86
   7230.360     6.605     0.83    1.86
   7519.741     6.949     1.19    1.86
   7809.135     7.529     2.00    2.02
   8098.542     7.652     0.43    2.04
   8387.961     7.748     0.33    2.23
   8677.393     7.525    -0.77    2.15
   8966.838     7.237    -1.00    2.19
   9256.296     6.809    -1.48    2.12
   9545.766     6.175    -2.19    1.89
   9835.250     5.501    -2.33    1.39
  10124.746     5.334    -0.58    1.15
  10414.255     5.265    -0.24    1.15
  10703.776     5.345     0.27    1.40
  10993.311     5.371     0.09    1.52
  11282.858     5.395     0.08    1.56
  11572.418     5.360    -0.12    1.73
  11861.991     5.340    -0.07    1.73
  12151.576     5.287    -0.18    1.64
  12441.175     4.970    -1.09    1.62
  12730.786     4.730    -0.83    1.57
  13020.410     4.402    -1.13    1.66
  13310.047     4.228    -0.60    1.81
  13599.697     4.274     0.16    1.83
  13889.359     4.452     0.62    1.94
  14179.034     4.781     1.14    1.90
  14468.722     4.914     0.46    1.74
  14758.423     5.083     0.58    1.82
  15048.137     4.561    -1.80    2.57
  15337.864     3.452    -3.83    3.26
  15627.603     2.777    -2.33    3.24
  15917.355     2.128    -2.24    3.23
  16207.120     2.061    -0.23    3.05
  16496.898     2.160     0.34    2.92
  16786.689     2.791     2.18    2.83
  17076.493     3.514     2.50    2.46
  17366.309     3.940     1.47    1.78
  17656.139     3.929    -0.04    1.31
  17945.981     3.846    -0.29    1.16
  18235.836     3.683    -0.56    1.10
  18525.704     3.529    -0.53    1.07
  18815.584     3.243    -0.99    1.21
  19105.478     3.098    -0.50    1.23
  19395.384     3.046    -0.18    1.45
  19685.304     2.830    -0.75    1.48
  19975.236     2.683    -0.51    1.46
  20265.181     2.491    -0.66    1.68
  20555.139     2.606     0.40    1.92
  20845.110     2.652     0.16    2.00
  21134.312     2.883     0.80    2.19
  21421.550     3.130     0.86    2.11
  21708.801     3.136     0.02    1.80
  21996.064     3.183     0.16    1.65
  22283.340     3.224     0.14    1.36
  22570.629     3.561     1.18    1.44
  22857.930     3.945     1.33    1.42
  23145.244     4.289     1.20    1.38
  23432.570     4.606     1.10    1.32
  23719.909     4.914     1.07    1.12
  24007.261     4.811    -0.36    1.30
  24294.626     4.714    -0.34    1.34
  24582.003     4.652    -0.21    1.24
  24869.392     4.728     0.26    1.23
  25156.794     4.880     0.53    1.30
  25444.209     5.098     0.76    1.32
  25731.637     5.425     1.14    1.69
  26019.077     5.736     1.08    1.78
  26306.530     5.804     0.24    1.93
  26593.995     6.070     0.93    2.12
  26881.473     6.354     0.99    2.35
  27168.964     6.364     0.04    2.45
  27456.467     6.319    -0.16    2.26
  27743.983     6.410     0.32    2.24
  28031.512     6.425     0.05    2.27
  28319.053     6.525     0.35    2.25
  28606.607     6.258    -0.93    2.12
  28894.174     6.577     1.11    1.91
  29181.753     6.819     0.84    1.84
  29469.345     6.898     0.28    1.82
  29756.950     7.072     0.60    1.77
  30044.567     7.167     0.33    1.65
  30332.197     7.191     0.08    1.68
  30619.840     7.152    -0.13    1.69
  30907.495     7.098    -0.19    1.65
  31195.163     6.910    -0.66    1.47
  31482.844     7.049     0.48    1.45
  31770.537     6.960    -0.31    1.39
  32058.243     7.065     0.36    1.20
  32345.962     7.137     0.25    1.17
  32633.693     7.222     0.29    1.15
  32921.438     7.304     0.29    1.12
  33209.194     7.425     0.42    1.13
  33496.964     7.621     0.68    1.14
  33784.746     7.849     0.79    1.37
  34072.541     8.036     0.65    1.37
  34360.349     8.167     0.46    1.42
  34648.169     8.085    -0.29    1.45
  34936.002     8.049    -0.12    1.63
  35223.848     7.966    -0.29    1.63
  35511.707     7.925    -0.14    1.59
  35799.578     7.890    -0.12    1.53
  36087.462     7.902     0.04    1.40
  36375.359     8.100     0.69    1.32
  36663.268     8.395     1.02    1.07
  36951.190     8.299    -0.33    0.99
  37239.125     8.234    -0.23    0.97
  37527.073     8.237     0.01    0.92
  37815.033     8.219    -0.06    0.91
  38103.006     8.349     0.45    1.14
  38390.992     8.545     0.68    1.23
  38678.991     8.758     0.74    1.33
  38967.002     8.819     0.21    1.32
  39255.026     8.991     0.60    1.34
  39543.063     9.346     1.23    1.34
  39831.113     9.516     0.59    1.39
  40119.175     9.698     0.63    1.28
  40407.250     9.914     0.75    1.50
  40695.338    10.107     0.67    1.64
  40983.439    10.258     0.53    1.60
  41271.552    10.349     0.32    1.72
  41559.678    10.371     0.08    1.96
  41847.817    10.077    -1.02    2.09
  42135.969     9.910    -0.58    1.97
  42424.134     9.531    -1.32    1.89
  42712.311     9.289    -0.84    1.85
  43000.501     9.001    -1.00    1.95
  43288.704     8.606    -1.37    1.45
  43576.919     8.574    -0.11    1.47
  43865.148     8.622     0.17    1.47
  44153.389     8.685     0.22    1.33
  44441.643     8.791     0.37    1.26
  44729.910     8.868     0.27    1.28
  45018.190     8.951     0.29    1.21
  45306.482     8.991     0.14    1.12
  45594.787     8.849    -0.49    1.07
  45883.105     8.980     0.45    0.98
  46171.436     8.910    -0.24    1.11
  46459.780     9.055     0.50    1.14
  46748.136     8.986    -0.24    1.28
  47036.506     8.880    -0.37    1.30
  47324.888     8.887     0.02    1.23
  47613.283     8.910     0.08    1.18
  47901.690     9.081     0.59    1.23
  48190.111     9.025    -0.19    1.19
  48478.544     9.011    -0.05    1.18
  48766.991     9.160     0.52    1.19
  49055.450     9.309     0.52    1.08
  49343.922     9.252    -0.20    1.07
  49632.406     9.242    -0.03    1.02
  49920.904     9.289     0.16    0.95
  50209.414     9.283    -0.02    0.99
  50497.938     9.237    -0.16    1.10
  50786.474     9.274     0.13    1.15
  51075.023     9.622     1.21    1.40
  51363.584     9.975     1.23    1.47
  51652.159    10.088     0.39    1.49
  51940.747    10.345     0.89    1.38
  52229.347    10.667     1.12    1.32
  52517.960    10.712     0.16    1.32
  52806.587    10.816     0.36    1.39
  53095.226    10.880     0.22    1.41
  53383.877    10.830    -0.17    1.41
  53672.542    10.849     0.07    1.47
  53961.220    11.001     0.53    1.39
  54249.910    11.006     0.02    1.24
  54538.614    11.093     0.30    1.08
  54827.330    11.137     0.15    1.08
  55116.059    11.167     0.10    1.08
  55404.801    11.128    -0.13    1.13
  55693.556    11.167     0.13    1.11
  55982.324    11.037    -0.45    1.21
  56271.105    10.876    -0.56    1.17
  56559.898    10.822    -0.19    1.21
  56848.705    10.910     0.31    1.19
  57137.524    10.943     0.11    1.27
  57426.357    11.228     0.99    1.55
  57715.202    11.362     0.46    1.60
  58004.060    11.775     1.43    1.74
  58292.931    12.213     1.51    1.62
  58581.815    12.289     0.26    1.54
  58870.712    12.503     0.74    1.50
  59159.622    12.507     0.01    1.34
  59448.545    12.516     0.03    1.26
  59737.480    12.483    -0.11    1.27
  60026.429    12.501     0.06    1.28
  60315.390    12.575     0.26    1.24
  60604.365    12.622     0.16    1.15
  60893.352    12.922     1.04    1.57
  61182.353    13.167     0.85    1.92
  61471.366    13.319     0.52    1.98
  61760.392    13.498     0.62    2.07
  62049.431    13.895     1.37    2.29
  62338.484    13.910     0.05    2.26
  62627.549    13.868    -0.15    2.08
  62916.627    13.797    -0.24    1.92
  63205.718    13.577    -0.76    1.80
  63494.822    13.605     0.10    1.79
  63783.939    13.486    -0.41    1.56
  64073.068    13.501     0.05    1.56
  64362.211    13.758     0.89    1.47
  64651.367    13.898     0.48    1.58
  64940.536    13.945     0.16    1.56
  65229.718    13.996     0.18    1.39
  65518.912    13.996     0.00    1.34
  65808.120    13.975    -0.07    1.34
  66097.341    13.714    -0.90    1.21
  66386.574    13.745     0.11    1.14
  66675.821    13.745     0.00    1.16
  66965.081    13.743    -0.00    1.02
  67254.353    13.898     0.54    1.12
  67543.639    14.046     0.51    1.12
  67832.938    14.061     0.05    1.18
  68122.249    13.829    -0.80    1.54
  68411.574    13.575    -0.88    1.86
  68700.912    13.006    -1.97    2.13
  68990.262    12.577    -1.48    2.05
  69279.626    12.346    -0.80    1.95
  69569.003    12.514     0.58    1.92
  69858.392    12.713     0.69    1.96
  70147.795    13.213     1.73    1.91
  70437.211    13.760     1.89    1.74
  70726.639    14.077     1.09    1.44
  71016.081    14.160     0.29    1.29
  71305.536    14.243     0.29    1.31
  71595.004    14.652     1.41    1.53
  71884.485    14.787     0.46    1.54
  72173.979    14.831     0.15    1.62
  72463.485    14.855     0.08    1.51
  72753.005    14.713    -0.49    1.45
  73042.538    14.668    -0.15    1.51
  73332.085    14.468    -0.69    1.32
  73621.644    14.470     0.01    1.31
  73911.216    14.358    -0.39    1.32
  74200.801    14.345    -0.05    1.27
  74490.399    14.533     0.65    1.42
  74780.011    14.833     1.04    1.40
  75069.635    14.849     0.06    1.37
  75359.272    14.876     0.09    1.40
  75648.923    15.228     1.21    1.51
  75938.586    15.607     1.31    1.62
  76228.263    15.684     0.27    1.52
  76517.953    15.925     0.83    1.50
  76807.656    16.007     0.28    1.52
  77097.371    15.986    -0.07    1.77
  77387.100    15.804    -0.63    1.79
  77676.842    15.505    -1.03    1.65
  77966.598    15.274    -0.80    1.62
  78256.366    15.001    -0.94    1.54
  78546.147    14.922    -0.27    1.30
  78835.941    14.804    -0.41    1.30
  79125.749    14.970     0.58    1.35
  79415.569    15.049     0.27    1.46
  79705.403    15.334     0.98    1.70
  79995.250    15.240    -0.33    1.66
  80285.110    15.122    -0.41    1.75
  80574.983    14.781    -1.18    1.53
  80864.869    14.516    -0.92    1.57
  81154.768    14.219    -1.02    1.29
  81444.681    14.055    -0.57    1.19
  81734.606    14.016    -0.14    1.21
  82024.545    14.114     0.34    1.21
  82314.496    14.478     1.25    1.40
  82604.461    14.698     0.76    1.41
  82894.439    14.925     0.78    1.33
  83184.430    15.211     0.99    1.41
  83472.079    15.375     0.57    1.45
  83759.289    15.590     0.75    1.38
  84046.512    15.652     0.22    1.31
  84333.747    15.554    -0.34    1.29
  84620.995    15.622     0.24    1.29
  84908.256    15.861     0.83    1.42
  85195.530    15.858    -0.01    1.44
  85482.817    15.921     0.22    1.34
  85770.117    15.906    -0.05    1.35
  86057.429    16.246     1.18    1.32
  86344.755    16.452     0.72    1.51
  86632.093    16.516     0.22    1.45
  86919.444    16.831     1.10    1.53
  87206.808    17.123     1.01    1.59
  87494.185    17.488     1.27    1.57
  87781.575    17.622     0.47    1.54
  88068.978    17.718     0.33    1.39
  88356.393    17.834     0.40    1.48
  88643.821    17.954     0.42    1.54
  88931.263    18.006     0.18    1.60
  89218.717    18.152     0.51    1.76
  89506.184    18.425     0.95    1.65
  89793.664    18.819     1.37    1.62
  90081.157    18.890     0.25    1.70
  90368.663    19.046     0.54    1.73
  90656.181    19.303     0.89    1.57
  90943.713    19.137    -0.58    1.39
  91231.257    19.237     0.35    1.21
  91518.815    19.395     0.55    1.53
  91806.385    19.375    -0.07    1.63
  92093.968    19.880     1.75    2.01
  92381.565    20.160     0.98    2.22
  92669.174    20.637     1.66    2.47
  92956.796    21.289     2.27    2.56
  93244.431    21.682     1.37    2.47
  93532.078    22.052     1.29    2.41
  93819.739    22.152     0.35    2.26
  94107.413    22.092    -0.21    2.22
  94395.100    22.052    -0.14    2.20
  94682.799    22.283     0.80    2.10
  94970.512    22.458     0.61    1.95
  95258.237    22.373    -0.30    2.04
  95545.976    22.228    -0.50    1.99
  95833.727    22.219    -0.03    2.03
  96121.491    22.121    -0.34    1.93
  96409.268    21.914    -0.72    1.84
  96697.059    21.698    -0.75    1.82
  96984.862    21.458    -0.83    1.82
  97272.678    21.343    -0.40    1.67
  97560.507    21.324    -0.07    1.55
  97848.349    21.122    -0.70    1.58
  98136.204    21.013    -0.38    1.49
  98424.072    20.940    -0.25    1.33
  98711.953    20.938    -0.01    1.26
  98999.847    20.929    -0.03    1.33
  99287.754    20.966     0.13    1.39
  99575.674    20.910    -0.19    1.48
  99863.607    21.077     0.58    1.58
 100151.553    21.081     0.02    1.52
 100439.512    21.198     0.41    1.54
 100727.483    21.283     0.30    1.51
 101015.468    21.592     1.07    1.60
 101303.466    22.329     2.56    1.94
 101591.477    22.577     0.86    1.96
 101879.501    22.840     0.91    1.79
 102167.538    22.895     0.19    1.83
 102455.588    22.843    -0.18    1.82
 102743.650    22.713    -0.45    2.12
 103031.726    22.880     0.58    2.16
 103319.815    22.774    -0.37    2.14
 103607.917    22.887     0.39    2.09
 103896.032    22.777    -0.38    1.79
 104184.160    22.819     0.14    1.62
 104472.301    22.947     0.45    1.49
 104760.455    23.274     1.13    1.48
 105048.622    23.234    -0.14    1.36
 105336.802    23.402     0.58    1.42
 105624.995    23.652     0.87    1.43
 105913.201    23.775     0.43    1.34
 106201.420    23.667    -0.37    1.36
 106489.652    23.700     0.11    1.46
 106777.898    23.712     0.04    1.50
 107066.156    23.880     0.58    1.51
 107354.427    23.861    -0.06    1.50
 107642.712    23.891     0.10    1.56
 107931.009    24.198     1.06    1.71
 108219.320    24.242     0.16    1.72
 108507.643    24.470     0.79    1.59
 108795.980    24.560     0.31    1.56
 109084.329    24.428    -0.46    1.44
 109372.692    24.213    -0.75    1.58
 109661.068    24.183    -0.11    1.62
 109949.457    23.960    -0.77    1.59
 110237.859    23.926    -0.12    1.67
 110526.274    23.728    -0.69    1.65
 110814.702    23.787     0.20    1.70
 111103.143    23.652    -0.47    1.70
 111391.597    23.804     0.53    1.74
 111680.065    23.787    -0.06    1.78
 111968.545    23.991     0.71    1.93
 112257.039    24.016     0.09    1.86
 112545.545    23.934    -0.29    1.61
 112834.065    24.055     0.42    1.49
 113122.598    24.270     0.74    1.50
 113411.144    24.167    -0.36    1.58
 113699.703    24.258     0.32    1.67
 113988.275    24.521     0.91    1.62
 114276.860    24.399    -0.42    1.68
 114565.458    24.806     1.41    1.83
 114854.070    24.970     0.57    1.76
 115142.694    25.175     0.71    1.66
 115431.332    25.334     0.55    1.72
 115719.983    25.324    -0.03    1.70
 116008.647    25.262    -0.22    1.59
 116297.324    25.561     1.04    1.64
 116586.014    25.777     0.75    1.78
 116874.717    26.264     1.69    2.00
 117163.434    26.637     1.29    1.98
 117452.164    26.910     0.95    1.80
 117740.906    27.355     1.54    1.76
 118029.662    27.395     0.14    1.82
 118318.431    27.507     0.39    1.76
 118607.213    27.488    -0.07    1.79
 118896.009    27.637     0.52    1.78
 119184.817    27.861     0.78    1.69
 119473.639    28.001     0.48    1.71
 119762.474    28.410     1.42    1.85
 120051.322    28.486     0.26    1.90
 120340.183    28.527     0.14    1.88
 120629.057    28.819     1.01    1.89
 120917.944    29.077     0.89    1.91
 121206.845    29.183     0.37    1.80
 121495.759    29.268     0.29    1.69
 121784.686    29.329     0.21    1.60
 122073.626    29.268    -0.21    1.51
 122362.579    29.449     0.63    1.54
 122651.546    29.622     0.60    1.47
 122940.525    29.914     1.01    1.42
 123229.518    30.077     0.56    1.38
 123518.524    30.391     1.09    1.40
 123807.544    30.637     0.85    1.44
 124096.576    30.910     0.94    1.34
 124385.622    31.123     0.74    1.35
 124674.681    31.258     0.47    1.25
 124963.753    31.339     0.28    1.28
 125252.838    31.683     1.19    1.25
 125541.936    31.902     0.76    1.22
 125831.048    32.167     0.92    1.27
 126120.173    32.297     0.45    1.37
 126409.311    32.577     0.97    1.57
 126698.462    32.895     1.10    1.56
 126987.627    33.049     0.53    1.59
 127276.805    33.319     0.93    1.52
 127565.996    33.713     1.36    1.62
 127855.200    33.890     0.61    1.53
 128144.417    34.145     0.88    1.67
 128433.648    34.375     0.80    1.72
 128722.892    34.413     0.13    1.87
 129012.149    34.395    -0.06    1.81
 129301.420    34.637     0.84    1.78
 129590.703    34.698     0.21    1.96
 129880.000    34.488    -0.72    1.93
 130169.310    34.577     0.30    1.90
 130458.634    34.608     0.11    1.83
 130747.970    34.932     1.12    1.74
 131037.320    35.384     1.56    1.87
 131326.683    35.975     2.05    1.86
 131616.060    36.713     2.55    1.92
 131905.450    37.574     2.98    2.11
 132194.853    38.470     3.10    2.20
 132484.269    39.334     2.98    2.38
 132773.698    39.996     2.29    2.30
 133063.141    40.577     2.01    2.26
 133352.597    41.070     1.71    2.05
 133642.066    41.472     1.39    2.01
 133931.549    41.452    -0.07    1.89
 134221.045    41.667     0.74    1.84
 134510.554    41.981     1.08    2.03
 134800.077    42.258     0.96    1.99
 135089.613    42.446     0.65    1.73
 135379.162    42.637     0.66    1.68
 135668.724    42.862     0.78    1.60
 135958.300    43.001     0.48    1.38
 136247.889    43.025     0.09    1.52
 136537.491    42.996    -0.10    1.40
 136827.107    43.234     0.82    1.35
 137116.735    43.529     1.02    1.41
 137406.378    43.637     0.37    1.40
 137696.033    44.268     2.18    1.40
 137985.702    45.092     2.84    1.95
 138275.384    45.592     1.73    1.93
 138565.080    46.092     1.73    1.88
 138854.789    46.422     1.14    1.93
 139144.511    46.816     1.36    1.87
 139434.246    47.292     1.64    1.70
 139723.995    47.025    -0.92    1.86
 140013.757    47.115     0.31    1.82
 140303.533    47.343     0.79    1.76
 140593.322    47.501     0.54    1.82
 140883.124    47.713     0.73    1.94
 141172.939    48.031     1.10    1.85
 141462.768    48.233     0.70    1.67
 141752.611    48.940     2.44    1.85
 142042.466    49.243     1.05    1.67
 142332.335    49.461     0.75    1.61
 142622.217    49.880     1.44    1.80
 142912.113    50.198     1.10    1.86
 143202.022    50.462     0.91    1.77
 143491.945    50.760     1.03    1.68
 143781.880    51.410     2.24    2.02
 144071.829    52.079     2.31    2.25
 144361.792    52.804     2.50    2.30
 144651.768    53.465     2.28    2.44
 144941.757    54.213     2.58    2.11
 145231.760    54.814     2.07    1.80
 145520.659    55.304     1.70    1.61
 145807.821    55.667     1.27    1.50
 146094.996    56.226     1.95    1.97
 146382.183    56.667     1.54    2.00
 146669.384    57.380     2.48    2.13
 146956.598    58.031     2.27    2.18
 147243.825    58.668     2.22    2.23
 147531.065    59.145     1.66    2.16
 147818.318    59.727     2.03    2.25
 148105.585    60.152     1.48    2.11
 148392.864    60.816     2.31    2.13
 148680.157    61.324     1.77    2.23
 148967.462    61.862     1.87    2.15
 149254.781    62.243     1.33    2.02
 149542.113    62.730     1.70    1.87
 149829.458    63.364     2.21    1.54
 150116.816    63.864     1.74    1.60
 150404.188    64.243     1.32    1.71
 150691.572    64.917     2.34    1.60
 150978.969    65.475     1.94    1.92
 151266.380    66.413     3.27    2.29
 151553.804    67.206     2.76    2.29
 151841.241    67.849     2.24    2.08
 152128.691    68.410     1.95    2.05
 152416.154    68.996     2.04    2.00
 152703.630    69.591     2.07    2.11
 152991.120    70.222     2.19    2.16
 153278.623    70.880     2.29    2.19
 153566.138    71.701     2.86    2.13
 153853.667    72.334     2.20    2.16
 154141.209    73.298     3.35    2.19
 154428.765    73.757     1.59    2.30
 154716.333    74.114     1.24    2.38
 155003.915    74.622     1.77    2.58
 155291.510    75.319     2.42    2.57
 155579.117    75.991     2.34    2.81
 155866.739    76.728     2.56    2.59
 156154.373    76.876     0.52    2.55
 156442.020    77.264     1.35    2.55
 156729.681    77.910     2.24    2.39
 157017.355    78.473     1.96    2.24
 157305.042    78.952     1.67    2.16
 157592.742    79.548     2.07    2.30
 157880.455    80.608     3.68    2.46
 158168.182    81.608     3.48    2.52
 158455.922    82.473     3.01    2.37
 158743.675    83.437     3.35    2.43
 159031.441    84.560     3.90    2.19
 159319.220    85.426     3.01    2.35
 159607.013    86.237     2.82    2.34
 159894.819    87.533     4.50    2.60
 160182.638    88.682     3.99    2.71
 160470.470    89.955     4.43    2.63
 160758.315    91.264     4.55    2.47
 161046.174    92.523     4.37    2.42
 161334.046    93.516     3.45    2.52
 161621.931    94.529     3.52    2.32
 161909.829    95.849     4.59    2.80
 162197.741    96.936     3.77    2.68
 162485.665    98.380     5.01    3.13
 162773.603    99.864     5.16    3.19
 163061.555   101.184     4.58    3.18
 163349.519   102.925     6.05    3.61
 163637.497   104.297     4.77    3.72
 163925.488   105.683     4.81    3.70
 164213.492   107.130     5.03    4.01
 164501.510   108.864     6.02    4.57
 164789.540   110.819     6.79    4.53
 165077.584   112.330     5.25    4.24
 165365.641   113.167     2.91    3.93
 165653.712   114.573     4.88    3.51
 165941.796   115.698     3.90    3.14
 166229.893   116.849     4.00    3.27
 166518.003   117.955     3.84    3.64
 166806.126   119.637     5.84    4.19
 167094.263   122.129     8.65    4.67
 167382.413   125.137    10.44    6.26
 167670.577   128.949    13.23    9.70
 167958.753   134.334    18.69   12.91
 168246.943   142.516    28.39   20.83
 168535.147   152.961    36.25   29.93
 168823.363   166.175    45.85   37.20
 169111.593   184.787    64.58   53.02
 169399.836   204.797    69.43   60.93
 169688.092   222.745    62.27   64.26
 169976.362   253.334   106.13   75.93
 170264.645   280.234    93.32   86.51
 170552.941   305.697    88.33   82.99
 170841.251   332.791    93.99   83.74
 171129.574   352.925    69.84   80.31
 171417.910   373.865    72.63   73.44
 171706.259   379.364    19.07   66.37
 171994.622   371.025   -28.92   66.05
 172282.998   358.270   -44.24   63.22
 172571.388   345.183   -45.39   63.18
 172859.791   320.727   -84.81   61.94
 173148.207   304.222   -57.24   55.52
 173436.636   290.160   -48.76   40.99
 173725.079   281.622   -29.61   31.58
 174013.535   278.205   -11.85   26.02
 174302.005   277.241    -3.34   22.36
 174590.487   279.055     6.29   20.04
 174878.984   282.758    12.84   17.95
 175167.493   284.443     5.84   16.35
 175456.016   281.289   -10.93   17.14
 175744.552   279.605    -5.83   17.12
 176033.102   276.895    -9.40   19.02
 176321.664   276.255    -2.22   20.15
 176610.241   273.667    -8.97   23.48
 176898.830   268.070   -19.40   27.82
 177187.433   260.210   -27.24   29.80
 177476.050   246.816   -46.41   33.35
 177764.679   232.960   -48.01   32.89
 178053.322   219.085   -48.08   32.61
 178341.979   208.501   -36.67   33.46
 178630.649   196.533   -41.46   35.90
 178919.332   182.334   -49.19   35.29
 179208.028   171.855   -36.30   32.44
 179496.738   164.683   -24.85   30.45
 179785.462   170.575    20.41   47.45
 180074.198   182.831    42.45   61.73
 180362.948   205.068    77.02   80.20
 180651.712   235.577   105.67   89.42
 180940.489   272.991   129.58   85.61
 181229.279   300.001    93.54   85.19
 181518.083   326.729    92.56   81.47
 181806.900   354.775    97.12   80.36
 182095.731   374.991    70.00   78.70
 182384.574   385.940    37.91   79.40
 182673.432   403.107    59.44   73.59
 182962.303   422.543    67.29   74.88
 183251.187   443.652    73.08   70.20
 183540.084   449.894    21.61   64.49
 183828.995   445.130   -16.49   70.87
 184117.920   423.727   -74.09   78.92
 184406.858   406.319   -60.26   81.14
 184695.809   395.697   -36.77   85.16
 184984.774   391.922   -13.07   86.80
 185273.752   404.167    42.38  100.57
 185562.743   455.268   176.85  121.61
 185851.748   500.334   155.96  111.91
 186140.767   553.129   182.70  101.16
 186429.799   594.622   143.58   98.40
 186718.844   642.230   164.73  113.35
 187007.903   716.880   258.29  128.49
 187296.975   786.760   241.78  139.17
 187586.061   861.949   260.13  158.03
 187875.160   943.025   280.49  179.86
 188164.273  1028.668   296.27  181.36
 188453.399  1109.107   278.26  165.01
 188742.539  1163.991   189.85  154.99
 189031.692  1201.895   131.11  144.76
 189320.858  1227.894    89.93  135.88
 189610.038  1212.951   -51.68  148.28
 189899.232  1194.369   -64.26  159.55
 190188.439  1138.637  -192.73  180.64
 190477.659  1083.683  -190.04  186.63
 190766.893  1017.152  -230.06  180.84
 191056.140   942.395  -258.49  175.61
 191345.401   861.637  -279.23  160.22
 191634.676   814.243  -163.86  142.61
 191923.964   794.243   -69.15  117.72
 192213.265   799.846    19.37  119.94
 192502.580   828.001    97.33  137.30
 192791.908   882.545   188.55  143.21
 193081.250   929.774   163.25  128.97
 193370.605   982.104   180.88   99.60
 193659.974  1012.440   104.85   98.20
 193949.357  1048.806   125.69  100.79
 194238.753  1087.849   134.93  103.31
 194528.162  1127.391   136.65  121.53
 194817.585  1182.774   191.38  123.70
 195107.022  1222.144   136.05  119.58
 195396.472  1252.986   106.57  106.18
 195685.935  1253.040     0.19  104.67
 195975.412  1219.637  -115.41  134.42
 196264.903  1173.190  -160.47  146.44
 196554.407  1136.406  -127.08  129.68
 196843.925  1114.652   -75.15  105.51
 197133.456  1108.827   -20.12   88.36
 197423.001  1115.622    23.47   93.76
 197712.559  1129.334    47.36   97.44
 198002.131  1125.343   -13.78  102.83
 198291.717  1108.577   -57.91  121.67
 198581.316  1079.314  -101.06  130.86
 198870.928  1035.501  -151.31  118.52
 199160.554  1007.201   -97.73   98.36
 199450.194   988.198   -65.62   85.54
 199739.847   984.222   -13.73   81.48
 200029.514   997.160    44.67   86.13
 200319.194  1008.268    38.35   77.49
 200608.888  1036.440    97.26   90.47
 200898.596  1067.237   106.32  109.77
 201188.317  1095.455    97.41  113.47
 201478.052  1135.742   139.07  127.64
 201767.800  1185.652   172.28  151.04
 202057.562  1246.304   209.35  171.73
 202347.337  1307.855   212.44  179.06
 202637.127  1372.652   223.64  181.88
 202926.929  1442.136   239.80  171.54
 203216.745  1505.123   217.37  163.15
 203506.575  1576.936   247.82  149.68
 203796.419  1638.122   211.13  132.04
 204086.276  1666.846    99.11  114.13
 204376.147  1693.620    92.38  103.56
 204666.031  1716.455    78.79   95.77
 204955.929  1751.605   121.27   92.04
 205245.840  1779.516    96.29  101.62
 205535.765  1817.345   130.50  107.47
 205825.704  1847.462   103.89  100.03
 206115.656  1875.402    96.38   82.62
 206405.623  1892.373    58.54   74.10
