#   48.686  -0.499   1.537 ;Mean Elev.(m), Avg Gradient(m/km), RMS Gradient(m/km) - SRTM1     
#   39.126  -0.664   1.890 ;Mean Elev.(m), Avg Gradient(m/km), RMS Gradient(m/km) - ASTER GDEM
#   49.989  -0.506   1.576 ;Mean Elev.(m), Avg Gradient(m/km), RMS Gradient(m/km) - GMTED2010 
   2  84.477989  25.696612    56.485    56.514  3 54672.04185630 25.458
   3  84.476798  25.697983    56.077    56.047  3 54681.95749990 22.015
   4  84.477537  25.696888    57.000    57.115  3 54691.87314193 30.405
   5  84.480815  25.695359    57.157    57.163  3 54701.78878167 54.607
   6  84.481802  25.694420    56.130    56.113  3 54711.70442891 46.596
   7  84.480420  25.695377    56.029    56.578  3 54721.62007989 31.432
   8  84.477037  25.696554    56.399    56.301  3 54731.53572840 36.543
   9  84.474279  25.699050    55.139    54.818  4 54741.45137588 50.767
  10  84.472984  25.699677    52.571    52.554  3 54751.36702317 38.839
  11  84.472932  25.699007    52.574    51.745  4 54761.28267016 44.706
  12  84.474365  25.698458    50.857    50.785  3 54771.19831491 40.669
  13  84.475824  25.697909    50.462    50.369  3 54781.11395640 48.694
  14  84.477031  25.697524    50.191    50.214  3 54791.02959511 36.351
  15  84.477611  25.696754    50.023    49.881  4 54800.94523231 45.742
  16  84.478589  25.695548    49.825    49.635  3 54810.86086935 40.836
  17  84.480188  25.695291    49.391    49.380  4 54820.77650936 37.392
  18  84.478470  25.695127    49.222    49.173  3 54830.69216118 45.784
  19  84.476617  25.697639    49.214    49.329  4 54840.60780018 43.473
  20  84.473131  25.699379    49.917    49.938  4 54850.52344931 37.853
  21  84.471063  25.702239    49.348    49.350  3 54860.43909855 33.673
  22  84.469354  25.701693    49.464    49.580  3 54870.35474731 28.754
  23  84.470549  25.701485    49.390    49.416  3 54880.27039515 25.232
  24  84.472437  25.699570    49.112    49.118  4 54890.18603941 23.352
  25  84.473297  25.699461    48.639    48.629  4 54900.10168070 25.049
  26  84.472501  25.700454    48.551    48.523  3 54910.01731966 23.142
  27  84.472033  25.701207    48.448    48.435  3 54919.93295712 22.367
  28  84.472904  25.698733    48.168    48.132  4 54929.84859361 21.515
  29  84.477281  25.697472    48.314    48.084  3 54939.76422958 46.946
  30  84.481638  25.695108    48.165    48.015  3 54949.67986373 32.990
  31  84.483160  25.693248    48.063    47.991  4 54959.59550165 43.449
  32  84.480823  25.694375    48.187    48.334  3 54969.51115014 31.127
  33  84.478731  25.695851    48.099    48.071  3 54979.42679779 30.753
  34  84.477304  25.697028    48.193    48.186  3 54989.34244537 31.053
  35  84.476363  25.696951    47.931    47.982  3 54999.25809281 28.205
  36  84.475943  25.697378    47.744    47.682  3 55009.17373852 23.798
  37  84.476114  25.698560    49.400    49.717  3 55019.08938254 29.480
  38  84.474607  25.697785    49.303    49.163  3 55029.00502452 28.397
  39  84.474359  25.699045    50.696    50.530  4 55038.92066629 30.368
  40  84.475169  25.697060    51.992    52.035  3 55048.83630621 44.771
  41  84.478530  25.695413    51.454    51.467  3 55058.75194436 32.985
  42  84.481759  25.694814    53.774    53.727  3 55068.66758330 32.888
  43  84.479932  25.694626    52.332    52.336  3 55078.58323287 28.482
  44  84.477434  25.697857    54.062    53.694  3 55088.49888111 36.001
  45  84.474003  25.698923    53.114    53.157  3 55098.41452761 37.507
  46  84.472713  25.699378    51.954    51.946  4 55108.33017378 33.992
  47  84.473516  25.698136    53.855    53.946  3 55118.24581885 21.985
  48  84.475479  25.697203    52.361    52.396  3 55128.16146168 31.687
  49  84.476610  25.696823    51.147    50.879  3 55138.07710225 33.509
  50  84.476708  25.696799    50.728    50.748  3 55147.99274095 31.549
  51  84.477186  25.697182    50.136    50.140  4 55157.90837893 45.042
  52  84.477803  25.695802    50.393    50.344  3 55167.82401636 40.403
  53  84.479541  25.694555    49.597    49.397  3 55177.73965325 45.834
  54  84.480328  25.695564    49.275    49.231  3 55187.65529766 47.996
  55  84.477474  25.696669    49.193    49.295  4 55197.57094847 31.598
  56  84.474387  25.698474    50.023    49.985  4 55207.48659853 28.794
  57  84.472809  25.700691    50.002    50.018  3 55217.40224839 29.429
  58  84.471662  25.700538    49.492    49.668  3 55227.31789720 31.353
  59  84.471969  25.699394    48.964    48.796  3 55237.23354315 33.516
  60  84.473462  25.698584    49.077    49.216  4 55247.14918569 31.132
  61  84.474089  25.698838    48.822    49.091  3 55257.06482561 32.543
  62  84.473732  25.699385    48.453    48.577  3 55266.98046425 31.031
  63  84.473060  25.698384    48.175    48.106  4 55276.89610176 34.223
  64  84.475138  25.697626    48.460    48.578  3 55286.81173842 41.826
  65  84.479723  25.696820    48.425    48.391  3 55296.72737307 44.101
  66  84.481263  25.694548    48.089    48.077  4 55306.64301313 30.487
  67  84.479818  25.694815    48.243    48.116  3 55316.55865956 31.065
  68  84.478542  25.697267    53.513    55.721  3 55326.47430538 22.139
  69  84.476909  25.697566    48.134    48.168  3 55336.38994989 35.740
  70  84.476149  25.697292    48.047    47.948  3 55346.30559391 30.593
  71  84.476512  25.697600    47.906    47.983  3 55356.22123687 26.746
  72  84.476570  25.697080    47.944    47.945  3 55366.13687747 29.777
  73  84.477062  25.696811    47.921    47.973  3 55376.05251654 29.317
  74  84.478339  25.696938    48.366    48.128  3 55385.96815460 47.342
  75  84.479600  25.695610    49.431    49.484  4 55395.88379138 31.042
  76  84.481385  25.694707    52.394    52.291  3 55405.79943175 38.687
  77  84.480551  25.696057    53.334    53.389  3 55415.71508293 22.989
  78  84.479165  25.696044    53.561    53.345  4 55425.63073065 48.285
  79  84.477823  25.696349    55.040    55.018  3 55435.54637600 32.459
  80  84.476606  25.698145    55.715    55.683  3 55445.46202058 22.870
  81  84.474960  25.697918    56.400    56.260  3 55455.37766407 19.827
  82  84.475026  25.697560    56.761    56.560  3 55465.29330700 49.347
  83  84.476955  25.696081    55.267    55.257  3 55475.20894698 21.689
  84  84.479813  25.695370    54.361    53.757  3 55485.12458405 27.496
  85  84.481369  25.694418    51.323    51.329  4 55495.04021866 34.930
  86  84.482488  25.694459    50.968    50.980  3 55504.95585229 49.792
  87  84.479710  25.696149    50.720    50.689  3 55514.87150253 37.188
  88  84.478176  25.696881    50.514    50.333  3 55524.78715194 38.024
  89  84.476945  25.697089    49.819    49.734  4 55534.70279939 44.982
  90  84.475873  25.697750    49.783    49.752  3 55544.61844513 46.213
  91  84.474592  25.698699    49.623    49.670  3 55554.53408919 36.818
  92  84.473244  25.698409    50.052    50.125  3 55564.44973222 28.165
  93  84.474288  25.698142    49.344    49.582  3 55574.36537497 31.507
  94  84.476184  25.696654    48.792    48.811  3 55584.28101607 45.250
  95  84.478941  25.696007    48.822    48.568  3 55594.19665394 34.763
  96  84.481133  25.695470    48.735    48.617  3 55604.11228833 39.283
  97  84.482780  25.694973    48.794    48.818  3 55614.02792032 34.984
  98  84.482260  25.692930    48.885    49.192  3 55623.94355753 37.786
  99  84.479687  25.694196    48.728    48.662  3 55633.85920977 44.032
 100  84.479406  25.696144    48.511    48.550  3 55643.77486008 46.416
 101  84.479109  25.695825    48.500    48.468  4 55653.69050713 43.941
 102  84.478759  25.694923    48.632    48.816  3 55663.60614974 42.953
 103  84.478288  25.695644    48.246    48.133  3 55673.52178989 38.406
 104  84.477613  25.695505    48.138    48.136  3 55683.43742859 33.409
 105  84.479046  25.695784    48.367    48.355  3 55693.35306629 28.844
 106  84.481295  25.694278    48.355    48.199  3 55703.26870220 34.701
 107  84.481594  25.694393    48.392    48.372  4 55713.18434692 38.612
 108  84.478841  25.695087    48.495    48.539  3 55723.09999611 34.663
 109  84.476566  25.696952    54.417    55.745  3 55733.01564341 26.419
 110  84.475748  25.698692    53.765    53.730  3 55742.93128939 39.796
 111  84.475502  25.697449    54.650    53.798  3 55752.84693342 40.828
 112  84.478119  25.697328    54.066    54.084  3 55762.76257563 43.203
 113  84.479571  25.694668    56.250    56.194  3 55772.67821448 41.662
 114  84.481072  25.694610    57.064    57.189  4 55782.59385051 33.149
 115  84.482011  25.694492    57.165    57.036  3 55792.50948419 33.454
 116  84.482819  25.692758    56.999    56.989  3 55802.42511836 36.075
 117  84.481772  25.695161    56.680    56.667  3 55812.34076916 29.930
 118  84.481227  25.694698    56.653    56.652  3 55822.25641780 45.634
 119  84.481555  25.693364    56.931    56.928  3 55832.17206151 49.790
 120  84.482521  25.693640    52.624    52.675  3 55842.08770101 39.613
 121  84.482649  25.693759    51.190    51.199  3 55852.00333711 44.269
 122  84.482912  25.693183    50.815    50.796  3 55861.91897069 40.783
 123  84.479441  25.695262    50.675    50.539  3 55871.83462499 41.385
 124  84.479484  25.696757    50.462    50.456  3 55881.75027490 43.725
 125  84.480190  25.696607    50.078    49.952  3 55891.66591803 43.840
 126  84.480979  25.695381    49.465    49.286  3 55901.58155537 47.330
 127  84.481858  25.694574    49.750    49.859  3 55911.49718931 37.975
 128  84.477452  25.696949    49.740    49.809  4 55921.41284429 39.564
 129  84.475466  25.696973    49.662    50.177  3 55931.32849646 33.742
 130  84.476885  25.698052    49.138    49.097  3 55941.24414513 34.855
 131  84.477513  25.696710    49.615    49.715  3 55951.15978865 35.722
 132  84.477655  25.696981    49.222    49.360  4 55961.07542845 38.440
 133  84.476733  25.696194    49.032    49.286  3 55970.99106537 32.443
 134  84.478058  25.696365    49.195    49.340  4 55980.90670130 39.491
 135  84.481255  25.694467    48.434    48.309  3 55990.82233579 34.614
 136  84.482565  25.694418    48.240    48.076  3 56000.73798067 35.610
 137  84.480806  25.693701    48.301    48.226  3 56010.65363041 32.215
 138  84.479694  25.696072    48.835    48.968  3 56020.56927707 37.364
 139  84.477666  25.697902    48.232    48.142  3 56030.48492081 32.474
 140  84.475766  25.697466    48.204    48.620  3 56040.40056233 21.349
 141  84.476865  25.697811    48.254    48.399  3 56050.31620212 32.051
 142  84.479006  25.695640    48.387    48.303  3 56060.23183884 27.457
 143  84.482012  25.693658    47.700    47.757  3 56070.14747518 29.649
 144  84.480213  25.696500    48.558    48.563  3 56080.06312641 23.992
 145  84.477362  25.697772    47.995    48.027  3 56089.97877431 28.458
 146  84.475255  25.697068    51.259    51.795  3 56099.89441930 22.058
 147  84.475975  25.696847    48.203    48.201  3 56109.81005055 20.530
 148  84.478948  25.695968    50.331    49.969  3 56119.72569043 31.694
 149  84.481921  25.693216    50.828    50.887  3 56129.64132636 30.003
 150  84.483925  25.691894    52.704    52.762  3 56139.55695952 34.146
 151  84.480718  25.694940    56.062    56.301  3 56149.47260973 22.049
 152  84.478380  25.697081    55.196    55.193  3 56159.38825935 34.719
 153  84.477661  25.697027    55.936    55.915  3 56169.30390741 27.392
 154  84.478789  25.696442    54.891    54.796  3 56179.21955218 36.481
 155  84.480316  25.696225    57.047    57.109  3 56189.13519274 50.950
 156  84.480442  25.695016    54.897    54.877  4 56199.05082959 45.587
 157  84.481324  25.695497    55.120    56.191  3 56208.96646392 31.330
 158  84.481834  25.693012    51.174    50.933  3 56218.88209572 43.150
 159  84.481394  25.694771    50.239    50.212  3 56228.79774253 36.389
 160  84.479406  25.694523    50.556    50.391  3 56238.71339593 38.766
 161  84.478941  25.696853    50.052    49.828  3 56248.62904627 38.041
 162  84.477968  25.696486    49.443    49.326  3 56258.54469129 34.425
 163  84.477495  25.697294    49.199    49.097  3 56268.46033378 34.585
 164  84.477014  25.696550    50.212    50.447  3 56278.37597437 21.445
 165  84.476338  25.698520    49.922    50.408  3 56288.29162450 25.214
 166  84.476069  25.697981    48.999    49.083  4 56298.20727370 26.030
 167  84.475994  25.696797    48.957    48.644  3 56308.12291874 33.856
 168  84.475974  25.696920    48.999    49.109  3 56318.03856116 28.848
 169  84.475482  25.697801    48.434    48.517  3 56327.95420214 31.833
 170  84.475899  25.697258    48.701    48.744  3 56337.86984178 32.958
 171  84.478251  25.695765    49.221    49.205  3 56347.78547953 33.142
 172  84.482217  25.694982    49.788    49.986  3 56357.70111487 40.239
 173  84.480328  25.695279    48.884    48.883  4 56367.61676379 41.329
 176  84.473921  25.697994    48.250    48.221  3 56397.36370137 17.721
 177  84.475302  25.698448    48.626    48.614  4 56407.27934298 34.704
 178  84.477559  25.696760    47.607    47.615  4 56417.19498036 19.968
 179  84.480917  25.694111    47.536    47.540  3 56427.11061278 23.186
 180  84.478229  25.695523    47.397    47.452  3 56437.02626465 19.061
 181  84.475301  25.697253    51.012    48.507  3 56446.94191595 21.787
 182  84.474161  25.698781    48.195    48.148  3 56456.85756502 18.317
 183  84.474334  25.699107    52.115    51.952  3 56466.77321075 32.683
 184  84.475321  25.697274    55.544    55.538  3 56476.68885220 32.983
 185  84.477571  25.695981    54.462    54.465  3 56486.60449036 30.108
 186  84.479970  25.696464    55.583    55.617  3 56496.52012643 25.237
 187  84.480708  25.693493    57.588    57.577  3 56506.43576050 44.009
 188  84.483014  25.692159    56.824    56.808  3 56516.35139529 37.430
 189  84.481658  25.695179    57.495    57.489  3 56526.26705071 35.805
 190  84.479747  25.694324    58.121    58.117  3 56536.18270115 44.450
 192  84.476895  25.697494    56.935    56.879  3 56556.01399233 28.154
 193  84.475584  25.697372    55.293    56.471  3 56565.92963472 32.488
 194  84.476628  25.698527    54.749    54.800  3 56575.84527616 48.968
 195  84.478373  25.695937    53.750    53.712  3 56585.76091374 42.111
 196  84.481271  25.694833    52.840    52.456  3 56595.67655130 41.730
 197  84.478774  25.696340    51.657    51.322  3 56605.59220383 44.916
 198  84.476774  25.697230    51.579    51.626  3 56615.50785165 37.653
 199  84.476814  25.698627    50.703    50.702  3 56625.42349632 34.915
 200  84.477449  25.698126    50.360    50.236  3 56635.33913799 36.507
 201  84.478926  25.695178    50.640    50.828  3 56645.25477655 29.650
 202  84.477190  25.696261    51.597    50.438  3 56655.17042965 28.491
 203  84.476369  25.697695    50.081    50.118  4 56665.08607846 31.506
 204  84.475719  25.698800    50.346    50.349  3 56675.00172427 26.252
 205  84.474927  25.698393    50.260    50.192  3 56684.91736841 30.874
 206  84.475530  25.697364    49.983    49.970  3 56694.83301042 32.596
 207  84.478637  25.696523    49.898    49.962  3 56704.74864824 35.379
 208  84.482425  25.695250    50.357    50.419  3 56714.66428068 38.274
 209  84.478436  25.695739    49.767    49.757  3 56724.57993162 34.548
 210  84.474838  25.698329    49.999    50.024  3 56734.49558193 32.492
 211  84.472918  25.700113    49.969    50.004  3 56744.41122906 26.207
 212  84.473660  25.699163    49.342    49.271  4 56754.32687163 31.895
 213  84.477033  25.696961    49.310    49.249  3 56764.24250867 25.858
 214  84.480109  25.695596    49.858    49.650  3 56774.15814451 33.905
 215  84.475644  25.697343    49.270    49.230  3 56784.07380153 32.450
 216  84.471999  25.699793    49.015    48.830  3 56793.98945491 30.701
 217  84.470512  25.702396    50.087    50.270  3 56803.90510508 21.286
 218  84.471748  25.700593    48.810    48.796  4 56813.82074712 26.742
 219  84.474188  25.698202    48.613    48.435  3 56823.73638567 29.448
 220  84.477898  25.697640    48.824    48.821  3 56833.65202070 24.757
 221  84.481008  25.695992    57.111    57.240  3 56843.56765220 34.298
 222  84.480309  25.695202    53.896    52.151  3 56853.48329429 22.852
 223  84.477405  25.696713    51.625    51.642  3 56863.39894853 31.953
 224  84.475695  25.697805    52.623    52.697  3 56873.31460228 27.278
 225  84.474889  25.698261    56.666    56.484  3 56883.23025282 43.233
 226  84.474055  25.698119    55.191    54.771  3 56893.14589976 35.314
 227  84.472722  25.699066    54.316    54.384  4 56903.06154353 29.786
 228  84.471383  25.700995    52.886    53.152  3 56912.97718534 40.572
 229  84.471282  25.699916    53.487    53.465  3 56922.89282484 39.840
 230  84.474408  25.698804    51.618    51.521  4 56932.80846226 35.863
 231  84.479437  25.696223    52.744    52.449  3 56942.72409431 31.523
 232  84.480103  25.694517    51.560    51.347  3 56952.63973844 35.291
 233  84.478091  25.697432    50.493    50.536  3 56962.55538958 34.800
 234  84.474938  25.697206    50.282    50.327  3 56972.47103537 31.091
 235  84.475381  25.698431    50.055    49.949  4 56982.38667773 30.741
 236  84.478043  25.696550    49.538    49.511  4 56992.30231516 35.239
 237  84.482129  25.693025    49.947    49.310  3 57002.21794934 29.690
 238  84.479374  25.694597    49.278    49.298  3 57012.13360698 24.028
 239  84.476859  25.696113    49.175    49.267  3 57022.04925869 30.816
 240  84.474734  25.697537    49.259    49.279  3 57031.96490735 24.006
 241  84.474435  25.698771    49.217    49.160  4 57041.88055391 31.707
 242  84.475058  25.697762    49.162    49.097  3 57051.79619793 29.795
 243  84.477328  25.696055    49.494    49.486  3 57061.71183772 30.299
 244  84.479929  25.694878    49.194    49.059  3 57071.62747231 28.312
 245  84.481877  25.694181    49.534    49.714  3 57081.54310297 35.933
 246  84.479474  25.694666    49.100    49.149  3 57091.45874679 20.885
 247  84.475512  25.698610    49.021    49.003  3 57101.37440496 22.935
 248  84.473481  25.698294    57.213    57.003  3 57111.29005913 25.998
 249  84.474600  25.697434    49.304    49.296  3 57121.20570767 22.736
 250  84.476153  25.697638    49.150    49.111  4 57131.12135063 21.474
 251  84.476889  25.697003    49.244    49.298  3 57141.03698799 23.107
 252  84.477749  25.696213    49.164    49.154  3 57150.95262180 19.865
 253  84.480938  25.694936    48.984    48.975  3 57160.86825240 22.759
 254  84.479547  25.695680    49.033    49.070  3 57170.78390670 19.934
 255  84.479010  25.696695    48.758    48.711  3 57180.69956149 30.199
 256  84.477919  25.696767    48.791    48.651  3 57190.61521217 27.799
 257  84.476310  25.697421    48.630    48.620  4 57200.53085985 23.826
 258  84.475125  25.698504    52.112    50.515  4 57210.44649424 28.242
 259  84.475102  25.698584    55.561    56.965  3 57220.36213848 29.312
 260  84.475840  25.696957    53.709    53.702  3 57230.27778131 34.362
 261  84.477761  25.696755    54.745    54.759  4 57240.19342221 46.451
 262  84.479387  25.695638    56.074    56.086  4 57250.10905997 31.414
 263  84.480453  25.694971    56.349    56.114  3 57260.02469535 38.660
 264  84.481864  25.695615    53.748    53.592  3 57269.94032958 38.367
 265  84.479121  25.697008    52.518    51.670  3 57279.85598212 33.999
 266  84.476830  25.696728    52.798    53.299  3 57289.77163714 37.177
 267  84.476794  25.698318    51.497    50.421  3 57299.68728986 43.097
 268  84.475970  25.696746    50.254    50.071  3 57309.60293842 34.231
 269  84.475146  25.698465    50.403    50.163  4 57319.51858438 37.002
 270  84.473517  25.699332    50.287    49.738  3 57329.43422739 37.574
 271  84.473586  25.699554    50.021    50.004  4 57339.34986835 43.687
 272  84.472637  25.698861    50.176    50.030  3 57349.26551802 34.475
 273  84.474462  25.698895    49.898    50.052  3 57359.18116441 33.947
 274  84.475929  25.697805    49.490    49.565  4 57369.09680723 38.179
 275  84.477047  25.698464    49.476    49.790  3 57379.01244745 37.765
 276  84.477492  25.697417    49.190    49.421  3 57388.92808559 34.773
 277  84.479172  25.695888    50.402    48.509  4 57398.84372273 30.782
 278  84.481631  25.693752    48.854    48.881  3 57408.75935921 29.628
 279  84.480095  25.695360    48.861    48.682  3 57418.67501211 31.558
 280  84.477594  25.696295    48.887    48.941  3 57428.59066236 31.064
 281  84.475327  25.698627    49.004    48.963  3 57438.50631065 34.793
 282  84.473185  25.698506    48.586    48.557  3 57448.42195733 30.095
 283  84.473299  25.699548    48.393    48.428  3 57458.33760330 25.994
 284  84.474513  25.697538    48.541    48.626  3 57468.25324588 24.221
 285  84.477879  25.696533    48.304    48.289  4 57478.16888476 30.363
 286  84.480325  25.695311    48.196    48.243  4 57488.08452016 29.615
 287  84.482009  25.693364    48.249    48.323  3 57498.00015304 30.589
 288  84.482086  25.693310    48.433    48.352  3 57507.91579272 29.505
 289  84.479005  25.696008    48.080    48.034  3 57517.83144862 28.871
 290  84.477865  25.697176    48.099    48.150  3 57527.74710152 23.637
 291  84.477304  25.695987    48.707    48.280  3 57537.66275127 30.645
 292  84.477501  25.697295    48.200    48.055  3 57547.57839910 29.954
 293  84.475958  25.696633    48.336    48.184  3 57557.49404516 28.887
 294  84.475581  25.698286    48.314    48.273  3 57567.40969092 23.995
 295  84.475064  25.697332    51.403    51.379  3 57577.32533553 25.761
 296  84.476165  25.697832    55.889    55.804  3 57587.24097932 40.863
 297  84.477089  25.698041    54.812    54.712  3 57597.15662059 34.926
